82302
82306
82308
82310
82312
82318
82320
82326
82328
82330
82332
82334
82336
82338
82340
82342
82346
82348
82350
82352
82354
82356
82358
82360
82362
82366
82368
82370
82372
82374
82376
82378
82380
82382
82384
82388
82390
82392
82394
82396
82398
82400
82402
82404
82406
82408
82410
82412
82416
82418
82420
82422
82426
82428
82430
82432
82434
82436
82440
82444
82446
82448
82450
82452
82456
82458
82460
82462
82464
82466
82468
82470
82472
82474
82478
82480
82482
82486
82488
82492
82494
82496
82498
82500
82504
82508
82510
82512
82516
82518
82520
82522
82524
82530
82532
82534
82538
82540
82542
82544
82546
82548
82550
82552
82554
82556
82558
82560
82562
82564
82566
82568
82570
82572
85662
88957
88959
88961
88963
88967
88973
88975
88977
88979
88981
88983
88985
88987
88989
89003
89005
89007
89011
89013
89015
89017
89019
89021
89023
89027
89029
89031
89035
89037
89039
89041
89043
89045
89050
89052
89054
89058
89060
89062
90246
90325
90327
90329
90331
90333
90335
90337
90339
90341
90343
90346
90348
90350
90352
90354
90356
90358
90360
90362
90364
90366
90368
90370
90372
90374
90376
90378
90380
90382
90386
90388
90390
90392
90394
90396
90398
90400
90402
90411
90413
