3404
3410
3418
9611
10051
10513
11021
11023
11034
11801
11803
11805
11807
11809
11811
11822
11917
11919
11921
12017
12019
12063
12065
12621
12624
12647
12657
12661
12665
12674
12678
12681
12683
12716
12725
12730
12734
12737
12741
12746
12752
12763
12773
12777
12782
12794
12799
12804
12809
12812
12821
12832
12835
12849
12852
12858
29252
29256
29260
29266
29271
29275
29281
29285
29288
29290
29292
29297
29299
29301
29304
29307
29309
29315
29317
29319
29321
29323
29325
29329
29333
29335
29337
29339
29341
29343
29345
29347
29349
29351
29355
29359
29363
29368
29374
29378
29382
29386
29390
29396
29402
29408
29414
29420
29422
29424
29426
29428
29434
29440
29446
29450
29454
29458
29460
29465
29469
29479
29483
29493
29495
29497
29499
29503
29507
29511
29515
29518
29523
29528
29530
29536
29540
29546
29550
29554
29556
29568
29582
29585
29589
29594
29607
29613
29619
29625
29633
29637
29643
29647
29651
29653
29657
29667
29670
29675
29679
29682
29686
29696
29698
29702
29704
29706
29711
29713
29717
29721
29724
29730
29741
29743
29749
29752
29761
29765
29769
29774
29776
29782
29784
29786
29789
29794
29797
29800
29804
29810
29814
29816
29820
29824
29828
29833
29835
29837
29841
29843
29856
29858
29860
29862
29868
29872
29874
29876
29878
29881
29883
29887
29889
29891
29893
29895
29901
29905
29910
29916
29925
29935
29938
29940
29943
29947
29949
29951
29957
29963
29967
29971
29973
29975
29977
29986
29992
29995
29998
30002
30004
30006
30009
30011
30016
30034
30037
30039
30045
30051
30053
30061
30063
30065
30067
30069
30072
30074
30076
30078
30080
30085
30088
30090
30092
30096
30100
30104
30109
30111
30117
30125
30127
30129
30131
30137
30141
30145
30149
30155
30157
30173
30178
30194
30196
30202
30210
30213
30215
30221
30223
30227
30229
30232
30236
30238
30242
30246
30249
30253
30258
30262
30264
30269
30276
30278
30283
30289
30301
30307
30313
30317
30322
30324
30326
30330
30332
30334
30338
30344
30350
30354
30356
30362
30366
30374
30377
30384
30388
30393
30399
30401
30403
30405
30409
30412
30416
30420
30422
30424
30427
30433
30436
30441
30443
30447
30449
30453
30457
30459
30464
30468
30472
30474
30476
30479
30481
30488
30491
30493
30495
30499
30501
30505
30507
30511
30513
30516
30519
30522
30526
30529
30533
30535
30537
30540
30546
30549
30555
30557
30563
30565
30568
30573
30582
30592
30597
30601
30603
30609
30613
30617
30621
30632
30635
30643
30647
30652
30660
30667
30669
30673
30680
30682
30689
30693
30697
30699
30706
30710
30714
30718
30721
30726
30732
30734
30742
30745
30747
30749
30751
30753
30757
30762
30765
30769
30771
30774
30778
30781
30783
30785
30787
30790
30792
30796
30798
30801
30805
30807
30809
30811
30816
30820
30824
30826
30830
30835
30837
30842
30846
30850
30852
30854
30858
30864
30866
30868
30874
30877
30887
30889
30894
30898
30901
30903
30905
30909
30914
30918
30920
30924
30932
30934
30940
30943
30945
30947
30951
30955
30961
30965
30971
30977
30979
30983
30986
30990
30994
30996
30998
31005
31007
31011
31013
31019
31024
31030
31034
31036
31038
31042
31047
31051
31053
31056
31058
31061
31063
31068
31070
31073
31075
31077
31082
31084
31086
31090
31096
31100
31102
31105
31109
31111
31113
31116
31118
31124
31134
31140
31142
31145
31152
31158
31162
31164
31166
31169
31171
31175
31179
31181
31185
31187
31189
31193
31195
31200
31202
31206
31208
31210
31212
31214
31218
31222
31227
31229
31233
31241
31247
31255
31260
31262
31266
31270
31274
31278
31281
31283
31287
31293
31299
31301
31305
31311
31317
31319
31321
31323
31327
31332
31337
31341
31343
31345
31350
31354
31358
31361
31365
31367
31369
31375
31377
31379
31383
31389
31392
31398
31400
31402
31406
31408
31415
31417
31423
31430
31432
31436
31440
31446
31450
31452
31454
31456
32181
32183
32195
32197
32199
32201
32203
32205
32207
32209
32212
32214
32216
32563
32565
32567
32569
32571
32573
32575
32577
32579
32582
36442
36444
36446
36448
36453
36455
36457
36460
36462
36464
36466
36468
36470
36472
36474
36476
36478
36480
36482
36484
36486
36488
36491
36493
36625
36629
36631
36633
36635
36637
36639
36642
36644
36652
36655
36658
36662
36668
36674
36681
36689
36692
36696
36699
36702
36705
36709
36715
36721
36729
36737
36741
36745
36748
36752
36758
36762
36767
36770
36774
36777
36782
36792
36798
36803
36819
36825
36831
36838
36843
36848
36852
36863
36874
36884
36888
36894
36919
36926
36932
36951
36969
36972
36975
36980
36988
36994
37000
37002
37004
37006
37008
37014
37016
37018
37020
37022
37024
37026
37028
37030
37032
37034
37036
37038
37040
37042
37044
37046
37048
37050
37052
37054
37056
37058
37060
37062
37064
37066
37068
37070
37072
37074
37076
37078
37080
37082
37084
37109
37113
37118
37124
37129
37136
37141
37148
37154
37181
37192
37196
37207
37212
37217
37222
37227
37233
37239
37244
37253
37256
37261
37273
37279
37285
37298
37303
37305
37312
37318
37323
37329
37342
37348
37352
37358
37363
37369
37375
37381
37386
37396
37408
37413
37423
37428
37434
37441
37454
37458
37462
37471
37483
37489
37492
37495
37500
37512
37516
37522
37526
37535
37552
37559
37565
37571
37575
37580
37584
37588
37592
37596
37608
37614
37620
37631
37636
37646
37652
37658
37662
37668
37680
37690
37699
37704
37709
37714
37719
37724
37728
37733
37743
37748
37760
37765
37771
37777
37783
37789
37793
37798
37811
37817
37822
37825
37827
37830
37836
37840
37861
37867
37870
37876
37880
37886
37889
37893
37899
37910
37914
37918
37926
37937
37942
37948
37954
37968
37981
37985
37999
38008
38021
38028
38046
38049
38052
38057
38063
38065
38072
38075
38082
38087
38095
38100
38103
38109
38120
38124
38128
38132
38136
38140
38150
38156
38166
38171
38183
38189
38192
38196
38200
38210
38221
38227
38257
38263
38269
38275
38292
38298
38303
38305
38309
38313
38317
38330
38358
38362
38366
38379
38384
38391
38396
38401
38406
38412
38417
38423
38428
38433
38444
38450
38457
38462
38469
38480
38486
38492
38501
38505
38511
38515
38520
38524
38527
38537
38543
38547
38550
38559
38570
38576
38581
38587
38592
38598
38604
38609
38614
38620
38626
38631
38642
38647
38665
38671
38675
38681
38686
38695
38699
38705
38710
38732
38736
38740
38746
38753
38757
38769
38775
38779
38783
38791
38795
38799
38805
38809
38813
38822
38827
38839
38851
38856
38867
38872
38883
38888
38891
38903
38920
38925
38931
38935
38938
38942
38946
38958
38965
38969
38980
38987
38992
38998
39003
39007
39013
39019
39025
39031
39036
39041
39063
39066
39076
39082
39088
39095
39100
39103
39109
39113
39117
39121
39131
39138
39144
39149
39154
39158
39163
39168
39174
39178
39182
39192
39195
39199
39205
39212
39307
39310
39313
39316
39319
39322
39324
39326
39332
39335
39337
39339
39341
39352
39354
39358
39360
39363
39366
39369
39372
39375
39377
39379
39382
39385
39388
39390
39392
39394
39403
39405
39408
39410
39412
39414
39416
39418
39420
39429
39437
39440
39443
39445
39447
39451
39454
39457
39460
39463
39465
39468
39474
39477
39480
39482
39484
39486
39488
39490
39493
39496
39498
39500
39502
39505
39509
39512
39514
39531
39534
39539
39541
39543
39545
39548
39550
39554
39559
39562
39564
39570
39572
39574
39576
39581
39585
39588
39590
39593
39595
39597
39599
39601
39604
39606
39608
39610
39612
39614
40114
40116
40118
40121
40127
40131
40141
40147
40151
40156
40160
40164
40169
40174
40195
40248
40250
40252
40254
40258
40260
40262
40267
40273
40275
40277
40279
40284
40286
40293
40299
40301
40303
40310
40320
40323
40325
40336
40340
40343
40347
40349
40351
40355
40357
40359
40361
40365
40367
40369
40373
40375
40377
40379
40383
40385
40387
40395
40397
40399
40402
40404
40406
40408
40410
40413
40415
40417
40423
40425
40429
40435
40437
40439
40443
40445
40447
40449
40452
40458
40462
40464
40466
40468
40470
40474
40482
40484
40486
40488
40490
40492
40494
40496
40502
40506
40508
40510
40512
40514
40516
40518
40530
40532
40534
40536
40538
40540
40542
40544
40548
40550
40554
40556
40558
40560
40564
40580
40584
40588
40590
40592
40598
40600
40602
40604
40606
40608
40610
40612
40614
40616
40618
40620
40622
40624
40631
40633
40635
40637
40643
40645
40647
42689
42691
42693
42695
42697
42699
42703
42705
42707
42709
42711
42713
42968
42974
42976
42982
42984
42987
42990
42992
42996
42998
43000
43002
43004
43008
43010
43014
43018
43020
43024
43026
43028
43032
43038
43040
43042
43044
43046
43050
43052
43075
43077
43079
43081
43917
81089
81091
81097
81102
81107
81112
81117
81120
81125
81130
81134
81143
81148
81153
81161
81166
81168
81173
81177
81180
81184
81189
81194
81198
81200
81205
81340
81343
81346
81348
81351
81354
81359
81362
81364
81367
81369
81371
81373
81375
81378
81380
81382
81384
81387
81389
81392
81394
81397
81399
81401
81403
81406
81409
81411
81413
81415
81417
81420
81422
81424
81426
81429
81431
81433
81435
81437
81440
81442
81445
81448
81450
81453
81456
81458
81461
81463
81466
81469
81472
81475
81478
81481
81484
81486
81489
81491
81493
81495
81497
82675
82680
82685
82688
82692
82697
82702
82706
82710
82712
82714
82719
82724
82730
82734
82739
82743
82749
82753
82758
82764
82766
82769
82772
82776
82778
82781
82786
82789
82791
82796
82800
82804
82811
82813
82815
82817
82819
82825
82828
82833
82843
82845
82847
82852
82854
82859
82871
82873
82875
82879
82884
82886
82888
82890
82892
83044
83049
83057
83061
83064
83068
83072
83076
83082
83085
83089
83091
83100
83105
83109
83112
83114
83118
83122
83126
83136
83141
83145
83149
83154
83159
83165
83171
83175
83181
83186
83193
83197
83201
83207
83212
83223
83227
83231
83236
83241
83246
83250
83254
83257
83259
83261
83264
83268
83272
83276
83280
83284
83286
83290
83294
83298
83302
83306
83310
83313
83317
83321
83325
83361
83365
83369
83375
83382
83385
83387
83393
83395
83397
83402
83406
83408
83412
83414
83416
83419
83421
83423
83427
83429
83431
83433
83437
83442
83444
83448
83450
83453
83455
83457
83460
83464
83469
83474
83476
83479
83484
83486
83492
83494
83497
83502
83507
83510
83515
83532
83538
83543
83545
83547
83551
83553
83558
83564
83569
83571
83576
83580
83582
83586
83588
83590
83592
83594
83596
83599
83601
83603
83605
83607
83610
83614
83618
83621
83626
83629
83632
83635
83639
83642
83645
83648
83653
83657
83660
83663
83666
83669
83674
83677
83680
83683
83687
83690
83694
83698
83703
83708
83713
83718
83723
83728
83730
83732
83734
83736
83738
83740
83742
83744
83746
83748
83750
83752
83754
83756
83759
83761
83763
83765
83767
83769
83772
83774
83778
83782
83786
83790
83792
83797
83799
83801
83805
83808
83813
83817
83822
83825
83830
85383
85475
85477
85479
85481
85664
85670
85674
85676
85678
85680
85682
85684
85686
85688
85692
85694
85696
85698
85700
85702
85704
85706
85708
85710
85712
85716
85718
85720
85722
85724
85728
85730
85732
85734
85737
85741
85794
85796
85804
85827
85830
85833
85836
85839
85842
85845
85848
86003
86006
86009
86014
86016
87092
87095
87098
87100
87103
87105
87108
87111
87114
87117
87120
87122
87124
87126
87128
87131
87134
87137
87140
87142
87144
87146
87148
87150
87397
87408
87412
87417
87425
87468
87472
87517
87521
87544
87569
87592
87606
87608
87610
87612
87614
87618
87620
87623
87625
87628
87632
87634
87636
87638
87640
87642
87646
87648
87650
87652
87654
87656
87658
87660
87662
87666
87668
87670
87672
87676
87678
87680
89370
