2848
2850
2852
2854
2858
2860
2862
2864
2866
2868
2870
3212
3278
3406
3408
3416
3422
3460
3464
3466
3468
4166
6508
6546
8847
8999
9059
9893
10059
10141
10857
11799
11909
12011
12039
12041
12043
12045
12051
39344
39346
39348
39350
39399
43307
44080
65097
65103
65105
65107
65109
65111
65113
65115
65119
65121
65123
65125
65127
65129
65131
65133
65135
65137
65139
65141
65143
65145
65147
65149
65151
65153
65155
65157
65159
65161
65163
65165
65167
65169
65171
65173
65175
65177
65179
65181
65183
65185
65187
65189
65191
65193
65195
65197
65199
65201
65203
65205
65210
65212
65214
65216
65220
65222
65224
65226
65228
65230
65232
65234
65236
65238
65240
65242
65244
65246
65248
65250
65252
65254
65256
65258
65260
65262
65264
65266
65268
65270
65273
65275
65277
65279
65281
65283
65285
65287
65289
65291
65293
65295
65297
65299
65301
65303
65305
65307
65309
65311
65313
65315
65317
65319
65321
65323
65325
65327
65329
65331
65333
65335
65337
65339
65341
65343
65345
65347
65349
65351
65353
65355
65357
65359
65361
65363
65365
65367
65369
65371
65373
65375
65377
65379
65381
65383
65385
65387
65389
65391
65393
65395
65397
65399
65401
65403
65405
65407
65409
65411
65413
65415
65417
65419
65421
65423
65425
65427
65429
65431
65433
65435
65467
65469
65473
65479
65481
65485
65487
65489
65501
65507
65509
65513
65515
65517
65519
65521
65523
65525
65528
65531
65533
65535
65537
65539
65541
65543
65545
65547
65549
65551
65553
65555
65557
65561
65563
65565
65567
65569
65571
65573
65575
65577
65579
65581
65583
65585
65587
65589
65591
65593
65599
65601
65605
65611
65613
65615
65617
65619
65621
65623
65625
65627
65629
65631
65633
65635
65637
65639
65641
65643
65645
65647
65649
65651
65653
65655
65657
65659
65661
65663
65665
65681
65683
65687
65726
65728
65730
65732
65734
66869
66871
66873
66875
66877
66879
66881
66883
66899
66901
66903
66905
66907
66909
66915
66919
66921
66923
66925
66933
66935
66937
66939
66941
66943
66947
66949
66953
66957
66961
66965
66969
66971
66995
67009
67011
67013
67015
67017
67019
67027
67029
67039
67043
67045
67047
67087
67089
67113
67127
67129
67131
67133
67137
67141
67158
67164
67170
67174
67178
67180
67182
67184
67186
67188
67198
67202
67204
67208
67214
67218
67222
67224
67226
67232
67240
67242
67244
67246
67250
67252
67256
67260
67262
67264
67266
67268
67270
67272
67274
67276
67278
67280
67282
67284
67286
67288
67292
67294
67296
67298
67300
67302
67304
67306
67308
67310
67312
67316
67318
67320
67322
67324
67326
67328
67330
67332
67334
67336
67338
67340
67342
67344
67346
67348
67350
67352
67354
67356
67358
67360
67362
67364
67366
67368
67370
67372
67374
67376
67378
67380
67382
67386
67388
67390
67392
67394
67398
67400
67402
67404
67406
67408
67410
67412
67414
67416
67418
67420
67422
67424
67426
67428
67430
67432
67434
67436
67438
67440
67442
67444
67446
67448
67450
67452
67454
67456
67458
67460
67462
67464
67466
67468
67470
67472
67474
67476
67478
67480
67482
67484
67486
67488
67490
67492
67494
67496
67498
67500
67502
67504
67506
67508
67510
67512
67514
67516
67518
67520
67522
67524
67526
67528
67530
67532
67534
67536
67538
67540
67542
67544
67546
67548
67550
67552
67554
67556
67558
67560
67562
67564
67566
77674
77678
77680
77682
77684
77686
77688
77690
77692
77694
77696
77698
77700
77702
77704
77710
77714
77716
77722
77724
77726
77728
77730
77732
77738
77740
77742
77744
77746
77748
77750
77752
77754
77756
77758
77760
77762
77764
77766
77770
77772
77774
77776
77778
77786
77788
77790
77792
77794
77796
77798
77800
77802
77804
77806
77808
77810
77812
77814
77816
77818
77820
77822
77824
77826
77828
77830
77832
77834
77836
77838
77840
77842
77844
77846
77848
77850
77852
77854
77856
77858
77860
77862
77864
77866
77868
77870
77872
77874
77876
77880
77882
77884
77886
77890
77892
77894
77896
77898
77900
77902
77904
77906
77908
77910
77912
77916
77918
77920
77922
77924
77926
77930
77932
77934
77938
77940
77942
77944
77946
77948
77950
77952
77954
77960
77962
77964
77966
77968
77970
77972
77974
77976
77982
77984
77986
77988
77990
77994
77996
77998
78000
78002
78004
78006
78008
78010
78012
78014
78016
78018
78020
78022
78024
78026
78028
78030
78032
78034
78036
78038
78040
78042
78044
78046
78048
78052
78056
78058
78060
78062
78064
78066
78070
78072
78076
78078
78082
78084
78086
78088
78090
78092
78096
78098
78100
78102
78104
78106
78108
78110
78112
78114
78116
78118
78120
78122
78124
78126
78128
78130
78132
78134
78136
78138
78140
78142
78144
78146
78148
78150
78152
78162
78164
78166
78168
78170
78172
78174
78176
78178
78180
78182
78184
78186
78188
78190
78192
78194
78196
78198
78200
78202
78204
78206
78208
78210
78212
78214
78216
78218
78220
78222
78224
78226
78228
78230
78232
78234
78236
78240
78242
78244
78246
78248
78250
78252
78256
78260
78262
78264
78266
78268
78270
78272
78274
78276
78278
78280
78282
78284
78288
78290
78292
78294
78296
78298
78300
78302
78304
78306
78308
78310
78312
78314
78316
78318
78320
78322
78324
78326
78328
78330
78332
78334
78336
78338
78340
78342
78344
78346
78348
78350
78352
78354
78356
78358
78360
78362
78364
78366
78368
78370
78372
78376
78378
78382
78384
78386
78388
78390
78392
78394
78396
78398
78400
78402
78404
78406
78408
78410
78412
78414
78416
78418
78420
78424
78426
78428
78430
78432
78434
78436
78438
78440
78442
78444
78446
78448
78450
78452
78454
78456
78458
78460
78462
78464
78468
78470
78472
78474
78476
78478
78480
78482
78484
78486
78488
78490
78492
78494
78496
78498
78500
78502
78504
78506
78508
78510
78512
78514
78516
78518
78520
78522
78524
78526
78528
78530
78532
78534
78536
78538
78540
78542
78544
78546
78548
78550
78552
78554
78556
78558
78560
78562
78564
78566
78568
78570
78572
78574
78576
78578
78580
78582
78584
78586
78588
78590
78592
78594
78596
78600
78602
78604
82578
82580
82582
82584
82586
82588
82590
82592
82594
82596
82598
82600
82602
82606
82609
82611
82614
82616
82618
82620
82622
82624
82626
82628
82630
82632
82634
82636
82640
82642
83834
83836
83839
83842
83844
83846
83848
83850
83852
83854
83856
83858
83860
83862
83868
83874
83876
83880
83882
83886
83888
83890
83892
83894
83896
83898
83900
83902
83904
83906
83908
83910
83912
83916
83918
83920
83922
83924
83926
83928
83930
83932
83934
83938
83940
83942
83944
83946
83950
83952
83954
83956
83958
83960
83962
83966
83968
83972
83974
83976
83978
83980
83982
83984
83986
83988
83992
83994
83996
83998
84000
84002
84006
84008
84010
84012
84014
84016
84018
84020
84022
84026
84030
84032
84038
84040
84042
84044
84048
84050
84054
84058
84060
84062
84065
84069
84074
84078
84080
84082
84084
84086
84088
84090
84092
84094
84096
84098
84102
84104
84106
84108
84110
84112
84114
84116
84118
84120
84122
84124
84126
84130
84134
84136
84138
84140
84142
84150
84154
84158
84161
84164
84168
84170
84173
84176
84179
84182
84185
84187
84189
84191
84193
84195
84197
84201
84206
84211
84213
84216
84218
84222
84224
84228
84230
84232
84234
84236
84238
84240
84242
84244
84246
84248
84250
84252
84254
84256
84258
84260
84262
84265
84267
84269
84272
84275
84277
84280
84282
84284
84286
84288
84290
84292
84294
84296
84298
84300
84304
84306
84308
84310
84314
84318
84322
84324
84326
84329
84331
84333
84336
84339
84341
84344
84346
84348
84351
84353
84355
84358
84361
84363
84366
84368
84370
84372
84374
84376
84378
84380
84382
84384
84386
84388
84391
84394
84396
84398
84401
84403
84409
84413
84415
84417
84419
84421
84423
84425
84427
84431
84433
84437
84441
84443
84445
84447
84449
84451
84453
84455
84457
84459
84461
84463
84465
84467
84469
84513
84516
84518
84520
84523
84525
84527
84529
84532
84535
84538
84540
84542
84548
84550
84552
84554
84556
84558
84560
84562
84565
84570
84573
84576
84579
84582
84585
84587
84590
84593
84596
84599
84602
84604
84606
84608
84610
84612
84616
84618
84620
84622
84624
84626
84629
84632
84635
84638
84640
84642
84644
84647
84652
84654
84657
84659
84661
84663
84666
84668
84670
84672
84674
84676
84678
84681
84683
84685
84687
84690
84695
84698
84701
84706
84708
84711
84714
84716
84718
84721
84724
84726
84728
84734
84738
84740
84742
84744
84746
84748
84750
84752
84754
84756
84758
84760
84762
84764
84766
84768
84770
84773
84776
84778
84780
84782
84784
84786
84788
84790
84792
84794
84796
84802
84804
84806
84810
84812
84814
84816
84818
84820
84822
84824
84826
84828
84830
84832
84834
84836
84838
84840
84844
84846
84848
84850
84852
84854
84856
84858
84860
84862
84864
84866
84868
84870
84872
84874
84876
84878
84880
84882
84885
84887
84889
84891
84893
84895
84897
84899
84901
84903
84906
84908
84910
84912
84914
84916
84918
84920
84922
84924
84926
84928
84930
84932
84934
84936
84938
84940
84942
84944
84946
84948
84950
84952
84954
84956
84958
84960
84962
84964
84966
84968
84970
84972
84974
84976
84978
84980
84982
84984
84986
84988
84990
84992
84994
84996
84998
85000
85002
85006
85008
85010
85012
85014
85016
85018
85020
85022
85024
85027
85029
85031
85033
85035
85037
85039
85041
85043
85045
85047
85049
85051
85053
85055
85057
85059
85065
85067
85069
85071
85073
85075
85077
85081
85083
85085
85087
85089
85091
85095
85097
85099
85101
85104
85106
85108
85110
85112
85125
85127
85131
85133
85136
85138
85140
85142
85144
85146
85148
85150
85152
85154
85157
85159
85161
85163
85165
85170
85172
85174
85176
85178
85180
85182
85184
85186
85188
85190
85192
85194
85196
85199
85205
85207
85209
85211
85213
85215
85217
85219
85221
85223
85225
85227
85229
85231
85233
85235
85237
85239
85241
85243
85245
85249
85251
85253
85255
85258
85260
85262
85264
85266
85268
85270
85272
85275
85277
85279
85281
85283
85285
85307
85309
85311
85313
85315
85335
85337
85339
85341
85343
85345
85347
85349
85351
85353
85355
88663
88665
88667
88669
88671
88673
88675
88677
88683
88685
88687
88689
88691
88693
88695
88697
88699
88701
88705
88707
88709
88711
88713
88715
88717
88719
88721
88723
88725
88727
88729
88731
88733
88735
88738
88742
88745
88747
88751
88754
88756
88759
88763
88765
88767
88771
88774
88776
88778
88782
88784
88786
88789
88793
88797
88799
88801
88803
88805
88807
88809
88811
88813
88815
88817
88819
88821
88823
88825
88827
88829
88831
88833
88835
88837
88839
88841
88843
88845
88851
88853
88865
88867
88869
88871
88874
88876
88881
88884
88887
88890
88893
88895
88901
88903
88905
88907
88909
88911
88913
88915
88917
88919
88921
88923
89068
89070
89072
89074
89076
89078
89080
89082
89084
89087
89089
89091
89093
89095
89102
89104
89120
89202
89256
89262
89264
89266
89268
89270
89272
89274
89278
89280
89282
89284
89286
89288
89290
89325
89327
89386
89388
89390
89392
89396
89398
89400
89403
89405
89407
89409
89414
89416
89418
89420
89422
89424
89430
89450
89468
89514
89521
89523
89525
89527
89529
89531
89533
89535
89537
89541
89543
89545
89547
89551
89553
89555
89557
89559
89561
89563
89565
89567
89569
89571
89573
89575
89577
89579
89581
89583
89585
89587
89591
89593
89595
89597
89607
89609
89611
89613
89615
89617
89623
89625
89627
89629
89631
89633
89635
89637
89639
89641
89643
89645
89649
89651
89653
89655
89657
89659
89661
89667
89669
89671
89673
89675
89677
89679
89681
89683
89685
89687
89689
89691
89693
89695
89697
89699
89701
89703
89705
89707
89709
89711
89713
89715
89717
89762
89764
89766
89768
89770
89772
89774
89776
89779
89787
89790
89794
89798
89800
89802
89804
89806
89808
89810
89812
89815
89817
89819
89821
89823
89828
89830
89832
89834
89836
89838
89840
89842
89844
89846
89851
89854
89857
89860
89863
89866
89869
89872
89875
89878
89881
89884
89888
89891
89894
89897
89900
89903
89906
89909
89912
89915
89918
89921
89924
89927
89930
89933
89936
89939
89942
89945
89948
89951
89954
89957
89960
89963
89966
89969
89972
89975
89978
89981
89984
89987
89990
89993
89996
89999
90002
90005
90008
90011
90014
90017
90020
90023
90026
90029
90032
90035
90038
90041
90044
90047
90050
90053
90056
90059
90062
90065
90068
90071
90074
90077
90080
90083
90086
90089
90092
90095
90098
90101
90105
90107
90109
90111
90113
90116
90120
90122
90124
90126
90128
90130
90132
90134
90136
90138
90140
90142
90146
90148
90150
90154
90156
90158
90161
90163
90165
90169
90171
90173
90175
90177
90179
90181
90183
90187
90189
90193
90195
90197
90206
90216
90218
90220
90222
90224
90226
90228
90230
90232
90234
90236
90238
90240
90242
91015
