4370
4386
4560
5404
6588
6652
7636
9019
9045
9075
9813
10105
10269
10517
10529
10631
10637
10645
10923
43414
43472
43476
43492
43516
43730
65437
65441
65443
65449
65451
65453
65457
65463
65465
74165
74203
74374
74376
74591
74593
74599
74601
74603
74605
74607
74609
74611
74613
74615
74617
74619
74623
74625
74627
74629
74631
74633
74637
74641
74643
74645
74647
74649
74651
74653
74657
74661
74665
74669
74671
74673
74681
74683
74687
74689
74691
74695
74697
74699
74701
74705
74707
74709
74711
74713
74717
74721
74725
74727
74731
74735
74739
74743
74745
74759
74761
74763
74767
74769
74777
74779
74783
74785
74789
74791
74793
74795
74797
74803
74807
74813
74817
74821
74825
74829
74831
74833
74835
74837
74843
74845
74847
74851
74853
74857
74861
74863
74865
74871
74875
74877
74879
74883
74885
74887
74889
74891
74893
74895
74901
74905
74907
74911
74915
74917
74919
74921
74925
74929
74931
74943
74949
74953
74955
74959
74961
74963
74965
74969
74971
74973
74975
74977
74979
74981
74983
74989
74991
74993
74995
74997
74999
75001
75003
75005
75007
75009
75011
75013
75015
75017
75019
75021
75025
75027
75029
75031
75033
75035
75037
75039
75041
75043
75045
75049
75051
75053
75055
75057
75059
75061
75063
75065
75067
75069
75071
75073
75075
75079
75083
75085
75087
75089
75091
75093
75095
75097
75099
75101
75103
75105
75109
75111
75115
75117
75119
75121
75125
75127
75129
75145
75147
75149
75151
75153
75155
75157
75159
75161
75163
75165
75167
75171
75173
75175
75177
75179
75181
75183
75185
75187
75189
75191
75195
75197
75199
75201
75203
75205
75207
75209
75211
75213
75215
75219
75225
75229
75231
75233
75235
75237
75241
75243
75245
75247
75249
75253
75257
75259
75261
75265
75267
75269
75271
75273
75275
75277
75279
75283
75285
75287
75289
75291
75293
75295
75297
75299
75301
75305
75307
75309
75311
75313
75315
75319
75323
75325
75327
75337
75339
75341
75343
75345
75347
75349
75351
75353
75355
75357
75359
75361
75365
75367
75369
75371
75373
75375
75381
75385
75387
75391
75395
75397
75399
75401
75405
75407
75409
75411
75413
75417
75419
75425
75429
75431
75433
75435
75437
75439
75441
75443
75445
75447
75449
75451
75453
75455
75457
75459
75463
75467
75469
75473
75475
75477
75479
75483
75487
75491
75493
75495
75497
75499
75501
75503
75505
75507
75509
75511
75513
75515
75517
75519
75521
75523
75525
75529
75531
75533
75535
75537
75541
75545
75547
75549
75551
75553
75555
75557
75561
75563
75565
75567
75569
75573
75575
75577
75579
75581
75583
75585
75587
75589
75591
75593
75595
75599
75609
75611
75613
75615
75619
75621
75625
75629
75633
75635
75637
75639
75641
75643
75645
75647
75649
75651
75653
75655
75657
75659
75661
75663
75665
75667
75669
75673
75675
75677
75679
75681
75683
75685
75689
75691
75693
75695
75699
75707
75725
75731
75741
75747
75749
75759
75763
75767
75769
75777
75779
75781
75783
75785
75789
75791
75795
75799
75803
75805
75811
75813
75815
75817
75819
75823
75827
75829
75837
75839
75843
75845
75847
75849
75851
75853
75855
75857
75861
75865
75867
75869
75871
75873
75875
75877
75879
75881
75883
75885
75889
75891
75899
75903
75905
75909
75915
75919
75921
75927
75929
75931
75935
75937
75941
75943
75945
75947
75949
75953
75955
75957
75961
75963
75967
75975
75977
75979
75981
75983
75985
75989
75991
75993
75997
75999
76005
76007
76013
76017
76023
76025
76027
76029
76035
76037
76041
76043
76045
76047
76049
76055
76057
76059
76061
76063
76065
76067
76069
76075
76077
76079
76081
76083
76089
76091
76093
76095
76101
76103
76105
76107
76109
76111
76113
76115
76117
76121
76123
76125
76129
76131
76133
76135
76137
76139
76141
76143
76147
76149
76151
76153
76155
76159
76161
76163
76165
76167
76171
76173
76175
76177
76179
76181
76183
76185
76187
76189
76191
76193
76195
76197
76201
76213
76221
76223
76225
76227
76229
76231
76235
76237
76239
76241
76243
76245
76247
76249
76251
76253
76255
76257
76259
76261
76263
76265
76267
76271
76273
76275
76277
76279
76281
76283
76285
76287
76289
76291
76293
76295
76297
76299
76301
76303
76305
76309
76311
76313
76315
76317
76319
76321
76323
76325
76329
76331
76333
76335
76337
76339
76341
76343
76345
76347
76349
76351
76353
76355
76357
76359
76361
76363
76365
76367
76369
76371
76373
76375
76377
76379
76381
76385
76387
76391
76395
76397
76399
76401
76405
76407
76409
76411
76413
76415
76417
76419
76421
76425
76427
76435
76439
76443
76445
76447
76449
76451
76453
76457
76459
76461
76469
76473
76475
76479
76481
76483
76485
76487
76489
76493
76495
76497
76499
76501
76503
76505
76507
76509
76511
76513
76515
76521
76525
76527
76529
76531
76533
76535
76537
76539
76543
76547
76549
76551
76553
76555
76559
76563
76565
76569
76571
76573
76575
76577
76579
76581
76583
76585
76587
76589
76591
76593
76595
76597
76599
76601
76603
76607
76609
76611
76615
76617
76619
76621
76623
76625
76627
76629
76631
76633
76635
76637
76639
76641
76643
76647
76649
76651
76653
76655
76657
76659
76663
76665
76667
76669
76671
76673
76675
76681
76688
76696
76698
76700
76702
76704
76706
76708
76710
76712
76714
76716
76718
76720
76722
76726
76728
76730
76732
76734
76738
76740
76744
76746
76748
76750
76752
76762
76766
76849
76851
76853
76857
76861
76865
76867
76869
76871
76877
76879
76881
76883
76885
76887
76889
76891
76893
76895
76897
76899
76901
76903
76905
76907
76909
76911
76913
76915
76917
76919
76921
76923
76925
76927
76929
76931
76933
76935
76939
76941
76943
76945
76947
76949
76951
76953
76955
76957
76961
76963
76965
76967
76969
76971
76973
76975
76977
76979
76981
76983
76985
76987
76989
76991
76993
76995
76997
76999
77001
77003
77005
77007
77009
77011
77013
77015
77019
77025
77027
77029
77031
77033
77035
77037
77039
77041
77043
77045
77047
77049
77051
77053
77055
77057
77059
77061
77063
77065
77067
77069
77071
77073
77075
77077
77079
77081
77085
77087
77089
77091
77093
77095
77097
77099
77101
77103
77105
77107
77109
77111
77113
77115
77117
77119
77121
77123
77125
77127
77129
77131
77133
77135
77137
77139
77141
77143
77145
77147
77149
77151
77153
77155
77157
77159
77161
77163
77165
77167
77169
77171
77173
77175
77177
77179
77181
77183
77185
77187
77189
77191
77193
77195
77199
77201
77203
77205
77207
77209
77211
77213
77215
77217
77219
77221
77223
77225
77227
77229
77231
77233
77235
77237
77239
77241
77243
77245
77247
77249
77251
77255
77257
77259
77261
77263
77265
77267
77271
77273
77275
77277
77279
77281
77283
77285
77287
77289
77291
77293
77295
77297
77299
77301
77303
77305
77307
77309
77311
77313
77315
77317
77319
77321
77323
77325
77327
77329
77331
77333
77335
77337
77339
77341
77343
77345
77347
77349
77351
77353
77355
77357
77359
77361
77363
77365
77367
77369
77371
77373
77375
77380
77382
77386
77388
77390
77394
77398
77400
77402
77408
77422
77426
77428
77442
77446
77448
77452
77454
77456
77458
77464
77466
77468
77470
77472
77474
77476
77478
77480
77482
77484
77486
77488
77490
77492
77494
77496
77498
77500
77502
77504
77506
77508
77510
77512
77514
77516
77518
77520
77524
77526
77528
77530
77532
77534
77536
77538
77540
77542
77544
77546
77548
77550
77552
77554
77556
77558
77560
77562
77564
77566
77568
77570
77572
77574
77576
77578
77580
77582
77584
77586
77588
77590
77594
77596
77598
77600
77602
77604
77606
77608
77610
77612
77614
77616
77618
77620
77622
77624
77626
77628
77630
77632
77634
77636
77638
77640
77642
77644
77646
77650
77652
77654
77656
77658
77660
77662
77664
77666
77668
77670
77672
77780
77782
77784
78054
81858
81860
81862
81864
81866
81868
81870
81872
81874
81876
81878
81880
81882
81884
81886
81888
81890
81892
81894
81896
81898
81900
81902
81904
81906
81908
81910
81912
81914
81916
81918
81920
81922
81924
81926
81928
81930
81932
81934
81936
81938
81940
81942
81944
81946
81948
81950
81952
81954
81956
81958
81960
81962
81964
81966
81968
81970
81972
81974
81976
81978
81980
81982
81984
81986
81988
81990
81992
81994
81996
81998
82000
82002
82004
82006
82008
82010
82012
82014
82016
82018
82020
82022
82024
82026
82030
82032
82034
82036
82038
82040
82042
82044
82046
82048
82050
82052
82054
82056
82058
82060
82062
82064
82066
82068
82070
82072
82074
82076
82078
82080
82082
82084
82086
82088
82090
82092
82094
82096
82098
82100
82102
82104
82106
82108
82110
82112
82114
82116
82118
82120
82122
82124
82126
82128
82134
82136
82138
82140
82142
82144
82146
82148
82150
82152
82154
82156
82158
82160
82162
82164
82166
82168
82170
82172
82174
82176
82178
82180
82182
82184
82186
82188
82190
82192
82194
82196
82198
82200
82202
82204
82206
82208
82210
82212
82214
82216
82218
82220
82222
82224
82226
82228
82230
82232
82234
82236
82238
82240
82242
82244
82246
82248
82250
82252
82254
82256
82258
82260
82262
82264
82266
82268
82270
82272
82274
82276
82278
82280
82282
82284
82286
82288
82290
82292
82294
82296
82298
85365
85367
85369
85371
85373
85375
85379
85381
85415
85417
85419
85421
85423
85425
85427
85429
85496
85499
85505
85507
85509
85513
85515
85517
85519
85521
85523
85525
85527
85529
85531
85533
85535
85537
85539
85546
85548
85550
85557
85559
85561
85563
85565
85625
85628
85630
85632
85636
85638
85640
85646
85648
85656
85666
85668
88927
88929
88931
89097
89099
89181
89184
89190
89192
89194
89238
89240
89242
89244
89254
89258
89292
89294
89296
89298
89300
89303
89305
89307
89309
89311
89314
89316
89318
89320
89322
89330
89332
89334
89336
89338
89340
89342
89344
89346
89348
89350
89352
89354
89356
89358
89440
89442
89444
89446
89448
89452
89454
89456
89458
89464
89466
89496
89498
89500
89502
89504
89506
89508
89510
89512
89516
89518
89848
90479
90481
90483
90485
90487
90489
90491
