11983
11986
11995
11997
11999
12001
12003
12005
12007
17245
22274
32585
32596
32601
32606
32612
32618
32624
32629
32638
32645
32660
32664
32670
32676
32684
32692
32695
32699
32703
32715
32727
32733
32738
32760
32765
32770
32781
32786
32791
32799
32802
32812
32817
32824
32828
32832
32839
32847
32852
32857
32864
32869
32874
32880
32885
32892
32896
32910
32916
32920
32925
32929
32934
32939
32943
32950
32954
32959
32963
32967
32972
32979
32983
32988
32994
33002
33007
33012
33017
33024
33029
33044
33049
33071
33076
33089
33095
33101
33110
33119
33148
33155
33159
33162
33167
33172
33177
33186
33192
33201
33212
33221
33229
33246
33281
33285
33290
33296
33301
33306
33312
33327
33334
33336
33341
33350
33357
33363
33367
33374
33389
33396
33403
33407
33413
33423
33434
33439
33449
33457
33476
33497
33507
33536
33545
33550
33560
33567
33581
33588
33594
33598
33600
33604
33610
33650
33660
33692
33712
33722
33727
33738
33743
33749
33759
33764
33771
33792
33797
33802
33832
33838
33844
33849
33853
33861
33867
33871
33875
33891
33899
33903
33906
33928
33946
33967
33976
33980
33985
33989
33994
34018
34023
34027
34032
34040
34050
34055
34062
34067
34074
34087
34095
34100
34118
34127
34132
34147
34152
34156
34165
34174
34179
34194
34200
34206
34215
34217
34233
34257
34263
34273
34277
34284
34291
34296
34306
34311
34318
34328
34345
34349
34353
34357
34361
34366
34372
34377
34382
34386
34392
34399
34401
34405
34412
34426
34431
34443
34445
34456
34461
34473
34476
34486
34496
34504
34513
34516
34525
34527
34533
34537
34541
34546
34550
34559
34563
34581
34586
34593
34603
34611
34617
34623
34630
34632
34639
34646
34652
34665
34669
34686
34690
34697
34709
34721
34729
34734
34753
34762
34766
34783
34790
34805
34811
34839
34843
34845
34851
34857
34863
34867
34871
34877
34884
34888
34898
34914
34931
34936
34949
34959
34963
34965
34971
34975
34981
35037
35039
35044
35062
35069
35076
35081
35090
35096
35112
35127
35137
35146
35150
35155
35170
35172
35184
35194
35199
35210
35217
35228
35233
35238
35247
35257
35262
35267
35278
35284
35304
35317
35321
35328
35333
35343
35349
35364
35369
35386
35391
35402
35408
35420
35424
35440
35443
35448
35478
35490
35507
35518
35522
35524
35537
35542
35551
35568
35604
35609
35618
35620
35625
35640
35649
35659
35707
35710
35740
35745
35750
35771
35776
35786
35792
35798
35802
35808
35817
35822
35837
35842
35847
35857
35862
35867
35871
35881
35889
35895
35897
35903
35924
35930
35936
35942
35958
35964
35968
35974
35988
35994
36004
36024
36043
36069
36090
36095
36101
36107
36112
36120
36126
36134
36140
36146
36150
36156
36160
36170
36174
36180
36184
36190
36210
36225
36230
36235
36241
36246
36251
36257
36282
36284
36286
36292
36297
36299
36301
36303
36305
36307
36322
36326
36340
36354
36374
36379
36385
36393
36403
36421
36427
36435
36496
36500
36511
36517
36521
36525
36537
36541
36545
36551
36555
36558
36562
36566
36572
36576
36586
36590
36594
36598
36602
36606
36612
36618
37086
37088
37090
37092
37094
37096
37098
37100
39216
39218
39220
39222
39224
39226
39232
39234
39236
39238
39240
39242
39244
39246
39248
39250
39252
39254
39256
39262
39264
39266
39268
39275
39277
39279
39281
39283
39285
39287
39292
39617
39623
39625
39635
39641
39659
39661
39663
39665
39671
39673
39675
39677
39679
39681
39683
39693
39695
39699
39713
39715
39717
39719
39721
39723
39725
39727
39729
39741
39759
39761
39764
39766
39772
39774
39776
39778
39780
39782
39785
39787
39789
39791
39793
39795
39797
39801
39808
39810
39814
39816
39818
39820
39822
39824
39826
39829
39831
39833
39835
39837
39839
39841
39843
39845
39849
39851
39853
39855
39857
39859
39862
39867
39874
39880
39886
39892
39898
39903
39907
39913
39919
39925
39930
39934
39939
39944
39950
39956
39966
39970
42854
42862
42866
42870
42874
42879
42884
42890
42895
42899
42904
42911
42916
42919
42925
42931
42943
42953
42957
42961
43992
67640
67642
67644
67646
67648
67653
67655
67657
67659
67661
67663
67666
67668
67671
67674
67679
67684
67688
67691
67694
67700
67702
67705
67708
67712
67715
67718
67720
67723
67725
67730
67732
67734
67744
67747
67749
67751
67753
67757
67759
67763
67765
67767
67771
67775
67777
67779
67783
67786
67788
67790
67792
67795
67797
67801
67803
67805
67809
67811
67814
67816
67821
67823
67825
67828
67832
67834
67837
67839
67842
67844
67847
67849
67851
67853
67855
67857
67860
67862
67865
67867
67869
67873
67876
67878
67882
67886
67889
67891
67894
67898
67900
67904
67906
67908
67910
67913
67915
67918
67920
67923
67925
67935
67938
67940
67942
67944
67946
67948
67951
67953
67955
67957
67961
67963
67965
67968
67970
67972
67976
67978
67981
67983
67985
67988
67990
67994
67996
67998
68000
68004
68006
68010
68013
68015
68017
68020
68022
68024
68028
68030
68032
68035
68037
68041
68044
68046
68050
68055
68059
68061
68065
68068
68070
68074
68076
68084
68088
68090
68094
68096
68098
68100
68104
68106
68113
68118
68121
68125
68127
68129
68131
68135
68140
68143
68145
68147
68150
68153
68157
68159
68161
68163
68165
68168
68170
68172
68174
68176
68178
68181
68183
68185
68187
68190
68192
68194
68196
68202
68205
68207
68209
68212
68215
68218
68221
68224
68226
68228
68230
68234
68236
68238
68240
68242
68244
68246
68248
68250
68252
68255
68260
68264
68269
68272
68275
68277
68279
68281
68283
68285
68287
68289
68292
68294
68296
68298
68300
68302
68304
68307
68310
68312
68320
68322
68326
68328
68330
68333
68335
68337
68339
68341
68344
68346
68348
68350
68352
68356
68358
68360
68362
68364
68366
68368
68370
68372
68374
68376
68378
68381
68384
68386
68388
68391
68393
68395
68399
68402
68404
68407
68411
68413
68417
68421
68423
68425
68427
68431
68433
68435
68437
68440
68442
68446
68448
68451
68454
68456
68458
68460
68462
68465
68467
68469
68473
68475
68477
68479
68483
68487
68490
68492
68495
68498
68501
68503
68506
68508
68510
68514
68516
68519
68523
68525
68529
68532
68534
68537
68541
68543
68547
68551
68555
68557
68559
68562
68566
68568
68571
68573
68577
68579
68583
68585
68587
68589
68591
68593
68597
68599
68601
68603
68606
68608
68610
68612
68616
68618
68621
68623
68625
68629
68631
68634
68637
68639
68641
68643
68647
68649
68655
68657
68660
68663
68666
68668
68672
68676
68678
68681
68684
68686
68690
68692
68695
68698
68701
68703
68708
68711
68714
68719
68723
68725
68729
68731
68735
68739
68741
68745
68748
68752
68754
68758
68762
68764
68768
68772
68776
68778
68780
68782
68785
68789
68791
68794
68796
68798
68801
68806
68808
68810
68812
68814
68816
68818
68820
68822
68824
68828
68830
68835
68842
68845
68847
68849
68851
68853
68855
68859
68861
68863
68865
68867
68870
68872
68877
68879
68882
68884
68886
68888
68890
68892
68896
68898
68900
68902
68904
68906
68908
68912
68914
68917
68920
68924
68926
68935
68938
68940
68942
68944
68950
68952
68957
68959
68961
68963
68972
68974
68979
68981
68983
68985
68987
68989
68993
68995
68999
69002
69004
69006
69008
69011
69014
69016
69018
69022
69024
69026
69028
69031
69035
69038
69040
69043
69045
69047
69049
69053
69056
69062
69072
69074
69076
69078
69081
69083
69085
69087
69089
69091
69093
69095
69099
69101
69103
69105
69108
69112
69114
69116
69119
69123
69125
69127
69132
69134
69138
69140
69144
69146
69148
69150
69154
69158
69162
69164
69167
69171
69174
69176
69178
69182
69185
69188
69192
69195
69197
69201
69204
69206
69208
69211
69213
69215
69218
69220
69224
69228
69231
69233
69235
69237
69240
69243
69245
69247
69249
69251
69253
69255
69259
69262
69264
69266
69270
69272
69276
69278
69280
69283
69285
69288
69290
69293
69295
69298
69300
69302
69304
69308
69311
69314
69317
69320
69324
69327
69329
69331
69335
69337
69343
69345
69348
69351
69357
69359
69363
69365
69367
69369
69371
69374
69376
69380
69385
69387
69390
69394
69396
69399
69403
69405
69409
69411
69413
69416
69418
69420
69422
69424
69426
69436
69439
69441
69443
69447
69449
69451
69455
69458
69460
69462
69466
69468
69470
69472
69474
69478
69480
69482
69484
69486
69490
69495
69499
69501
69503
69506
69508
69511
69513
69518
69520
69523
69525
69527
69529
69531
69533
69535
69537
69539
69541
69543
69545
69547
69549
69552
69554
69557
69561
69566
69568
69571
69575
69579
69581
69584
69586
69588
69591
69594
69596
69599
69601
69603
69607
69609
69611
69613
69615
69617
69621
69623
69626
69629
69631
69633
69637
69639
69641
69651
69654
69656
69659
69661
69663
69666
69669
69672
69674
69678
69681
69685
69687
69689
69691
69695
69698
69701
69706
69709
69713
69717
69719
69721
69723
69725
69729
69732
69734
69738
69741
69743
69745
69750
69754
69756
69759
69761
69763
69766
69772
69774
69777
69781
69783
69787
69789
69791
69794
69796
69798
69800
69803
69805
69809
69811
69815
69819
69822
69824
69827
69829
69831
69835
69840
69843
69845
69847
69850
69853
69857
69860
69862
69865
69867
69869
69871
69875
69882
69885
69888
69890
69894
69896
69898
69901
69904
69906
69912
69914
69919
69921
69925
69928
69930
69934
69936
69940
69942
69944
69946
69950
69952
69954
69956
69959
69961
69963
69967
69971
69973
69976
69978
69980
69982
69985
69989
69991
69993
69995
69999
70001
70003
70005
70007
70011
70013
70015
70018
70020
70022
70025
70031
70033
70035
70037
70041
70044
70048
70051
70053
70056
70059
70061
70063
70065
70069
70071
70073
70075
70078
70080
70084
70086
70090
70093
70097
70099
70101
70103
70105
70107
70110
70112
70116
70127
70129
70131
70135
70137
70140
70143
70146
70149
70151
70153
70159
70161
70163
70166
70168
70170
70173
70175
70178
70181
70185
70187
70189
70192
70194
70198
70200
70202
70204
70208
70210
70214
70216
70219
70221
70224
70227
70231
70233
70235
70239
70242
70244
70247
70249
70255
70257
70259
70261
70263
70267
70270
70275
70277
70279
70283
70285
70287
70289
70291
70294
70297
70299
70302
70305
70309
70311
70313
70318
70321
70323
70325
70331
70333
70335
70338
70341
70344
70350
70354
70357
70359
70361
70364
70366
70368
70373
70376
70378
70380
70382
70384
70386
70388
70396
70398
70402
70407
70414
70417
70419
70422
70425
70429
70432
70435
70437
70440
70442
70444
70447
70450
70452
70454
70456
70458
70461
70464
70466
70469
70471
70473
70475
70477
70479
70481
70484
70487
70489
70492
70495
70498
70501
70503
70505
70507
70510
70512
70514
70517
70519
70523
70525
70527
70529
70531
70533
70535
70537
70539
70543
70546
70548
70550
70554
70556
70558
70560
70563
70565
70568
70571
70573
70577
70580
70583
70587
70589
70591
70593
70597
70600
70602
70604
70606
70608
70610
70614
70616
70618
70621
70625
70627
70630
70634
70637
70639
70643
70645
70647
70650
70652
70654
70658
70660
70664
70666
70671
70673
70675
70677
70680
70682
70685
70689
70692
70694
70696
70699
70701
70703
70705
70707
70709
70711
70715
70720
70723
70735
70737
70740
70743
70746
70749
70751
70753
70755
70757
70759
70761
70764
70766
70768
70770
70772
70774
70776
70778
70780
70783
70785
70787
70790
70792
70798
70800
70802
70804
70807
70809
70813
70817
70819
70822
70824
70827
70829
70833
70835
70837
70839
70843
70845
70847
70849
70851
70854
70856
70858
70863
70865
70867
70869
70871
70873
70875
70877
70881
70883
70885
70888
70890
70894
70896
70899
70903
70907
70909
70911
70913
70916
70918
70920
70924
70928
70932
70934
70938
70940
70944
70946
70950
70952
70956
70958
70960
70963
70966
70968
70970
70972
70975
70979
70981
70983
70985
70988
70990
70994
70996
71001
71011
71013
71017
71019
71021
71023
71026
71028
71030
71033
71037
71039
71043
71045
71048
71051
71055
71062
71065
71070
71073
71075
71079
71082
71084
71086
71088
71090
71092
71096
71099
71102
71104
71107
71111
71114
71116
71119
71123
71125
71128
71130
71133
71135
71138
71144
71149
71151
71154
71157
71160
71163
71165
71168
71171
71173
71177
71180
71182
71184
71188
71193
71196
71200
71204
71206
71210
71214
71218
71220
71222
71224
71228
71231
71235
71237
71241
71243
71245
71248
71251
71253
71257
71261
71263
71265
71268
71271
71274
71276
71280
71282
71284
71286
71288
71290
71292
71294
71296
71298
71300
71302
71306
71309
71311
71315
71318
71320
71324
71326
71329
71336
71338
71340
71344
71346
71348
71357
71359
71363
71365
71367
71371
71373
71375
71378
71382
71384
71388
71390
71393
71396
71400
71403
71407
71411
71415
71422
71424
71426
71428
71432
71434
71436
71438
71440
71442
71444
71446
71449
71452
71455
71458
71462
71466
71468
71470
71472
71475
71478
71480
71483
71485
71487
71489
71491
71494
71498
71501
71504
71507
71511
71513
71515
71519
71522
71524
71526
71533
71536
71540
71543
71549
71552
71554
71556
71560
71562
71564
71566
71568
71577
71579
71588
71591
71594
71596
71598
71601
71603
71606
71610
71614
71618
71628
71630
71634
71636
71638
71640
71643
71647
71649
71653
71656
71659
71662
71666
71668
71672
71676
71680
71684
71686
71690
71692
71696
71698
71702
71704
71707
71709
71711
71713
71715
71719
71721
71723
71725
71727
71731
71733
71735
71737
71739
71742
71744
71746
71748
71751
71756
71760
71764
71766
71768
71771
71774
71776
71780
71782
71785
71787
71791
71793
71796
71798
71800
71802
71804
71806
71808
71811
71813
71815
71818
71820
71822
71826
71830
71834
71838
71840
71842
71845
71847
71850
71853
71855
71857
71860
71863
71866
71868
71871
71874
71876
71878
71881
71883
71885
71889
71893
71895
71898
71901
71903
71906
71909
71911
71915
71922
71924
71927
71930
71932
71936
71939
71947
71950
71953
71957
71960
71964
71966
71973
71976
71979
71981
71983
71987
71993
71996
72000
72002
72005
72007
72010
72012
72014
72017
72020
72022
72025
72027
72029
72033
72035
72038
72040
72042
72045
72047
72051
72053
72057
72059
72062
72064
72066
72068
72072
72074
72076
72078
72080
72083
72086
72089
72093
72096
72099
72102
72104
72107
72109
72112
72115
72118
72125
72128
72132
72137
72140
72143
72146
72150
72153
72155
72158
72162
72165
72167
72171
72175
72178
72180
72182
72186
72188
72192
72194
72196
72198
72200
72203
72214
72216
72218
72220
72224
72228
72230
72232
72236
72240
72242
72246
72249
72251
72254
72256
72260
72262
72264
72269
72273
72275
72277
72281
72291
72293
72295
72299
72302
72305
72307
72311
72313
72316
72318
72321
72323
72327
72330
72334
72337
72340
72344
72347
72352
72354
72357
72360
72363
72365
72368
72372
72375
72378
72381
72384
72387
72389
72393
72395
72397
72399
72401
72403
72406
72408
72410
72412
72414
72416
72419
72423
72429
72431
72436
72438
72440
72443
72445
72447
72449
72451
72453
72456
72458
72461
72463
72465
72469
72471
72477
72481
72484
72487
72490
72493
72496
72500
72504
72506
72509
72512
72516
72519
72522
72525
72528
72532
72535
72539
72543
72546
72550
72553
72555
72557
72561
72563
72565
72567
72569
72571
72574
72578
72581
72583
72586
72589
72591
72593
72595
72599
72601
72604
72606
72609
72611
72614
72616
72619
72622
72625
72628
72631
72634
72637
72639
72642
72645
72648
72651
72654
72658
72662
72665
72673
72675
72680
72682
72684
72688
72690
72692
72694
72696
72700
72702
72704
72706
72708
72711
72713
72717
72721
72723
72725
72727
72731
72733
72737
72739
72743
72745
72749
72751
72753
72755
72757
72762
72764
72766
72769
72771
72773
72775
72779
72781
72785
72787
72789
72791
72794
72796
72798
72801
72803
72805
72807
72809
72811
72814
72816
72818
72821
72825
72829
72831
72833
72835
72837
72839
72843
72845
72847
72849
72852
72854
72856
72858
72861
72863
72870
72872
72874
72876
72880
72883
72887
72889
72893
72897
72899
72902
72904
72908
72910
72914
72918
72922
72924
72928
72930
72933
72937
72941
72943
72946
72948
72953
72955
72959
72961
72965
72967
72970
72974
72976
72980
72984
72987
72990
72995
72997
73001
73006
73010
73013
73017
73022
73025
73029
73036
73038
73042
73044
73046
73050
73053
73057
73060
73062
73070
73073
73075
73078
73080
73082
73085
73088
73093
73096
73100
73103
73105
73109
73111
73117
73119
73122
73124
73127
73129
73132
73136
73138
73141
73144
73147
73151
73156
73161
73165
73168
73172
73177
73181
73185
73189
73193
73197
73201
73205
73208
73212
73216
73220
73224
73228
73230
73232
73234
73238
73240
73244
73248
73252
73261
73265
73269
73272
73274
73278
73283
73287
73293
73297
73301
73304
73308
73312
73316
73319
73323
73325
73329
73333
73337
73341
73346
73350
73354
73358
73362
73366
73370
73375
73378
73380
73384
73388
73392
73396
73399
73403
73406
73410
73412
73416
73419
73423
73425
73427
73429
73433
73437
73439
73444
73447
73449
73459
73461
73463
73466
73468
73470
73472
73474
73476
73478
73481
73484
73487
73489
73493
73495
73497
73501
73503
73506
73509
73512
73514
73517
73520
73522
73530
73532
73534
73536
73540
73543
73545
73547
73549
73552
73555
73557
73560
73562
73564
73566
73568
73571
73574
73577
73581
73583
73585
73589
73592
73596
73600
73602
73604
73606
73608
73614
73616
73618
73620
73622
73624
73626
73628
73635
73639
73641
73643
73645
73647
73650
73652
73656
73659
73662
73664
73667
73669
73672
73676
73678
73680
73682
73684
73687
73689
73691
73696
73698
73700
73702
73705
73707
73710
73712
73716
73718
73721
73723
73725
73727
73731
73733
73736
73738
73740
73745
73747
73749
73751
73753
73757
73761
73763
73765
73769
73771
73773
73775
73777
73779
73781
73783
73789
73791
73793
73795
73799
73801
73803
73805
73809
73812
73814
73816
73818
73824
73826
73829
73833
73835
73837
73839
73849
73853
73855
73857
73859
73861
73863
73865
73867
73869
73871
73873
73875
73877
73880
73882
73884
73886
73888
73892
73896
73898
73901
73907
73909
73911
73913
73916
73918
73920
73922
73924
73927
73929
73931
73933
73935
73939
73941
73943
73947
73949
73951
73953
73956
73958
73960
73962
73964
73968
73970
73972
73974
73976
73979
73981
73990
73993
73996
73998
74000
74003
74005
74007
74011
74015
74018
74116
74118
74120
74124
74131
74133
74135
74137
74139
74141
74145
82667
82670
86018
86021
86027
86029
86035
86037
86039
86043
86045
86047
86049
86051
86053
86055
86057
86095
86097
86100
86103
86105
86108
86111
86114
86117
86119
86121
86123
86125
86128
86131
86134
86136
86139
86142
86145
86148
86151
86153
86155
86157
86159
86163
86165
86167
86169
86172
86175
86178
86181
86183
86186
86189
86192
86195
86198
86201
86204
86206
86208
86210
86212
86215
86218
86221
86224
86227
86230
86233
86236
86238
86241
86247
86253
86256
86259
86262
86265
86268
86271
86274
86276
86279
86282
86285
86288
86291
86297
86300
86303
86305
86308
86311
86314
86317
86320
86323
86326
86329
86332
86334
86337
86340
86343
86346
86349
86366
86373
86376
86385
86391
86397
86402
86407
86415
86426
86429
86438
86441
86444
86447
86450
86453
86456
86459
86462
86465
86468
86471
86474
86477
86479
86483
86485
86493
86496
86505
86515
86518
86521
86524
86527
86530
86539
86542
86545
86548
86551
86554
86557
86560
86566
86569
86572
86578
86581
86584
86587
86590
86593
86596
86599
86602
86605
86608
86611
86614
86617
86628
86636
86660
86665
86677
86680
86693
86704
86709
86714
86720
86735
86738
86743
86746
86749
86752
86755
86758
86761
86764
86767
86770
86773
86776
86779
86782
86785
86788
86791
86794
86797
86800
86803
86806
86809
86812
86815
86818
86825
86827
86829
86832
86835
86838
86841
86844
86850
86853
86856
86859
86861
86864
86867
86870
86873
86875
86878
86881
86884
86887
86890
86893
86896
86899
86902
86905
86907
86913
86916
86918
86921
86926
86929
86932
86935
86938
86940
86942
86944
86947
86950
86953
86955
86957
86960
86963
86966
86975
86978
86981
86983
86986
86991
86994
86997
87000
87003
87008
87010
87012
87015
87018
87020
87022
87025
87027
87029
87031
87033
87035
87037
87039
87042
87045
87047
87049
87051
87054
87057
87059
87061
87065
87067
87069
87072
87074
87076
87078
87080
87082
87085
87087
87089
87152
87154
87156
87158
87160
87162
87173
87183
87191
87196
87200
87202
87311
87313
87315
87317
87321
87323
87325
87329
87331
87333
87335
87337
87339
87341
