11892
11894
11900
11905
11907
11911
11915
11927
11929
11962
11964
11967
11971
11973
11975
14978
18922
18926
21320
21343
21349
21357
21365
21379
21389
21395
21440
21442
21455
21461
21465
21475
21490
21498
21505
21509
21515
21520
21525
21541
21547
21572
21577
21582
21587
21595
21619
21621
21624
21629
21638
21682
21690
21700
21715
21720
21725
21730
21736
21786
21791
21799
21808
21814
21819
21823
21834
21840
21844
21856
21868
21873
21878
21896
21906
21913
21941
21945
21961
21972
21976
21984
21987
22007
22012
22022
22026
22047
22060
22072
22076
22080
22098
22109
22114
22124
22158
22162
22177
22192
22194
22198
22202
22204
22215
22232
22242
22255
22263
22280
22293
22303
22345
22349
22352
22379
22401
22406
22415
22420
22425
22430
22461
22471
22477
22482
22491
22501
22521
22527
22535
22543
22546
22556
22561
22566
22571
22586
22600
31835
31846
31854
31857
31863
31866
31869
31872
31875
31890
31895
31900
31905
31910
31912
31922
31925
31931
31936
31941
31946
31956
32004
32009
32014
32019
32034
32044
32050
32055
32079
32082
32094
32098
32103
32120
32135
32140
32150
32155
32161
32219
32229
32233
32240
32243
32246
32264
32269
32275
32286
32290
32295
32300
32305
32328
32333
32352
32355
32359
32361
32365
32377
32386
32391
32405
32412
32424
32432
32438
32444
32449
32454
32458
32462
32473
32477
32489
32491
32495
32498
32500
32505
32511
32518
32531
32535
32554
32558
34999
35004
35009
40667
40674
40680
40686
40689
40692
40697
40700
40706
40714
40717
40720
40731
40753
40756
40766
40773
40775
40781
40784
40788
40791
40802
40807
40811
40817
40819
40821
40823
40825
40827
50818
50820
50822
50824
50826
50828
50830
50834
50839
50845
50850
50854
50859
50869
50874
50878
50883
50888
50900
50905
50911
50918
50924
50928
50932
50937
50942
50947
50952
50957
50961
50965
50970
50975
50980
50985
50989
50993
50997
51000
51005
51010
51015
51019
51023
51027
51029
51032
51034
51036
51040
51046
51049
51051
51056
51060
51067
51069
51073
51076
51080
51087
51090
51092
51096
51100
51104
51107
51111
51119
51128
51131
51135
51138
51142
51145
51151
51157
51161
51165
51169
51173
51176
51180
51183
51189
51195
51200
51210
51215
51217
51219
51258
51269
51286
51292
51297
51300
51303
51308
51313
51322
51327
51332
51337
51342
51348
51351
51354
51357
51364
51368
51371
51375
51378
51382
51386
51390
51394
51398
51402
51407
51412
51416
51419
51422
51425
51428
51431
51435
51440
51443
51446
51450
51453
51456
51460
51464
51470
51476
51481
51486
51493
51499
51504
51508
51514
51519
51525
51529
51532
51537
51542
51547
51552
51558
51563
51572
51578
51582
51586
51589
51594
51597
51600
51605
51610
51615
51619
51624
51627
51630
51636
51642
51653
51658
51663
51668
51673
51676
51681
51684
51689
51694
51699
51702
51707
51710
51716
51721
51726
51729
51734
51739
51744
51749
51754
51759
51764
51769
51776
51781
51786
51788
51795
51800
51807
51811
51816
51820
51825
51830
51835
51840
51845
51851
51856
51862
51867
51872
51876
51880
51884
51887
51893
51898
51907
51912
51917
51920
51923
51928
51932
51940
51945
51950
51955
51960
51965
51970
51973
51978
51983
51985
51990
51994
51996
52002
52006
52011
52014
52019
52024
52030
52035
52038
52043
52048
52057
52063
52068
52073
52078
52083
52088
52092
52097
52102
52108
52113
52117
52121
52124
52128
52131
52137
52148
52153
52157
52161
52166
52172
52178
52184
52190
52194
52198
52202
52207
52212
52216
52222
52228
52233
52238
52243
52247
52253
52255
52261
52267
52272
52276
52280
52284
52290
52296
52301
52304
52308
52313
52317
52322
52325
52330
52335
52340
52345
52354
52359
52361
52364
52367
52371
52373
52377
52381
52387
52392
52397
52400
52404
52407
52410
52415
52419
52424
52434
52439
52444
52449
52454
52460
52464
52468
52470
52473
52475
52478
52484
52490
52496
52498
52501
52504
52506
52512
52518
52523
52528
52532
52536
52541
52547
52552
52557
52566
52570
52575
52580
52592
52596
52601
52608
52613
52617
52623
52629
52634
52639
52644
52649
52653
52658
52664
52667
52673
52679
52683
52688
52693
52698
52702
52707
52712
52715
52720
52726
52729
52733
52739
52745
52751
52768
52771
52775
52780
52783
52786
52789
52794
52797
52802
52808
52814
52820
52825
52829
52833
52838
52843
52848
52854
52859
52864
52868
52874
52885
52890
52896
52900
52918
52923
52928
52933
52938
52943
52949
52955
52959
52964
52967
52971
52975
52980
52983
52988
52996
53001
53004
53009
53015
53020
53025
53030
53033
53038
53043
53053
53057
53060
53065
53070
53073
53076
53081
53091
53096
53101
53106
53111
53116
53121
53126
53131
53136
53141
53144
53149
53154
53159
53164
53168
53170
53174
53176
53178
53180
53186
53190
53194
53197
53203
53206
53210
53214
53218
53222
53226
53228
53233
53238
53243
53247
53254
53259
53264
53269
53274
53276
53278
53280
53285
53290
53298
53303
53307
53312
53317
53319
53324
53328
53332
53338
53342
53344
53348
53352
53355
53358
53368
53373
53378
53383
53385
53388
53394
53396
53400
53405
53410
53413
53415
53420
53426
53428
53434
53439
53442
53447
53453
53458
53464
53470
53475
53480
53486
53490
53492
53497
53500
53506
53511
53516
53521
53527
53531
53537
53541
53546
53550
53553
53558
53563
53569
53574
53577
53582
53584
53588
53591
53596
53601
53607
53611
53615
53620
53623
53628
53632
53634
53639
53644
53650
53656
53661
53666
53669
53674
53678
53682
53685
53689
53695
53699
53702
53708
53711
53717
53722
53726
53731
53736
53739
53746
53753
53757
53759
53764
53769
53774
53779
53783
53786
53789
53794
53799
53804
53814
53818
53820
53825
53828
53830
53835
53840
53845
53850
53855
53859
53862
53865
53868
53873
53879
53884
53889
53895
53900
53906
53911
53913
53918
53923
53928
53931
53934
53937
53941
53944
53949
53953
53957
53962
53968
53974
53978
53982
53987
53991
53996
54001
54006
54011
54016
54022
54027
54032
54037
54043
54048
54053
54056
54061
54067
54069
54071
54075
54080
54086
54088
54092
54097
54104
54108
54114
54119
54123
54132
54138
54142
54147
54149
54153
54160
54163
54167
54170
54175
54181
54186
54189
54193
54198
54203
54209
54215
54217
54227
54229
54235
54241
54245
54250
54252
54255
54258
54264
54268
54272
54276
54279
54284
54289
54299
54304
54314
54320
54325
54331
54336
54339
54344
54349
54353
54358
54363
54368
54373
54378
54383
54388
54393
54398
54404
54411
54418
54421
54427
54429
54433
54437
54441
54444
54449
54454
54460
54464
54468
54474
54480
54487
54491
54496
54500
54504
54507
54511
54516
54520
54524
54527
54534
54543
54549
54558
54560
54565
54569
54574
54579
54582
54585
54587
54590
54595
54600
54610
54615
54619
54624
54629
54634
54639
54643
54648
54653
54657
54661
54670
54673
54682
54685
54689
54696
54704
54708
54712
54717
54722
54726
54730
54734
54739
54744
54750
54755
54760
54765
54770
54775
54780
54787
54792
54798
54803
54806
54810
54814
54818
54822
54826
54831
54834
54838
54843
54848
54853
54858
54863
54868
54883
54889
54894
54899
54904
54909
54914
54919
54924
54929
54939
54944
54949
54954
54959
54968
54971
54976
54981
54986
54991
54996
55006
55008
55010
55015
55017
55022
55027
55032
55037
55042
55047
55052
55057
55062
55067
55072
55077
55087
55092
55102
55107
55112
55117
55122
55127
55132
55142
55147
55152
55157
55162
55167
55172
55178
55182
55186
55192
55198
55201
55205
55209
55214
55217
55220
55223
55225
55227
55232
55236
55241
55246
55249
55254
55263
55265
55268
55272
55276
55281
55284
55288
55290
55294
55299
55308
55318
55323
55328
55330
55332
55337
55339
55341
55345
55347
55349
55351
55355
55357
55362
55365
55369
55377
55387
55391
55395
55399
55403
55407
55411
55415
55419
55428
55432
55438
55442
55453
55458
55463
55467
55471
55476
55480
55485
55490
55495
55499
55502
55507
55512
55517
55522
55526
55531
55535
55541
55546
55551
55555
55560
55563
55568
55571
55581
55586
55590
55595
55600
55603
55609
55613
55618
55622
55626
55629
55632
55637
55642
55647
55653
55656
55661
55663
55668
55674
55680
55690
55695
55699
55704
55709
55714
55719
55724
55735
55739
55744
55750
55755
55759
55763
55768
55772
55775
55778
55783
55789
55793
55798
55804
55809
55812
55816
55822
55827
55832
55837
55842
55847
55854
55859
55865
55870
55875
55886
55891
55896
55901
55909
55915
55927
55932
55936
55940
55944
55948
55957
55961
55965
55970
55976
55981
55987
55992
56003
56008
56013
56018
56023
56028
56035
56043
56045
56050
56055
56057
56062
56072
56077
56082
56087
56089
56092
56124
56130
56145
56156
56161
56165
56186
56195
56200
56209
56225
56230
56236
56249
56252
56270
56274
56278
56291
56296
56298
56304
56311
56314
56324
56328
56335
56339
56347
56350
56357
56359
56365
56367
56376
56381
56385
56389
56402
56411
56415
56426
56432
56438
56454
56459
56464
56479
56484
56495
56506
56516
56521
56526
56538
56549
56561
56599
56603
56614
56622
56630
56635
56640
56645
56650
56674
56686
56692
56698
56716
56720
56722
56724
56728
56732
56735
56739
56743
56749
56753
56757
56761
56765
56774
56778
56782
56801
56806
56811
56816
56820
56832
56835
56838
56843
56848
56853
56858
56863
56867
56882
56887
56902
56907
56917
56932
56937
56947
56951
56971
56974
56979
56984
56989
56994
57004
57009
57019
57024
57030
57035
57040
57047
57062
57086
57091
57096
57101
57111
57116
57136
57141
57160
57175
57178
57183
57185
57188
57193
57196
57204
57210
57215
57219
57230
57236
57242
57254
57259
57282
57290
57295
57299
57302
57307
57314
57319
57329
57339
57348
57353
57360
57362
57370
57375
57395
57400
57405
57415
57420
57425
57430
57440
57445
57450
57460
57463
57472
57486
57490
57495
57500
57505
57510
57531
57533
57551
57560
57563
57567
57571
57574
57578
57603
57606
57615
57625
57629
57634
57639
57643
57647
57651
57655
57667
57672
57675
57678
57683
57685
57690
57693
57696
57699
57702
57708
57715
57718
57721
57733
57743
57748
57763
57768
57772
57775
57795
57798
57809
57813
57822
57827
57830
57834
57836
57838
57840
57842
57844
57846
57848
57850
57852
57856
57861
57871
57876
57880
57883
57889
57895
57901
57907
57912
57917
57922
57943
57949
57951
57953
57955
57957
57959
57961
57963
57965
57975
57977
57979
57981
57983
57985
57987
57989
57991
57993
57995
57997
57999
58001
58003
58005
58007
58009
58011
58013
58015
58017
58019
58021
58023
58025
58027
58030
58032
58034
58036
58040
58042
58044
58046
58048
58050
58052
58054
58056
58058
58061
58063
58065
58067
58069
58071
58073
58075
58077
58079
58081
58085
58087
58089
58091
58093
58095
58097
58099
58101
58103
58106
58108
58110
58112
58114
58117
58119
58125
58127
58129
58132
58134
58136
58138
58140
58142
58144
58146
58149
58151
58153
58159
58161
58163
58165
58167
58170
58172
58174
58178
58184
58187
58189
58191
58193
58195
58197
58199
58201
58203
58205
58207
58209
58211
58213
58218
58220
58222
58224
58227
58229
58231
58239
58246
58248
58250
58252
58254
58258
58260
58262
58266
58272
58274
58276
58278
58282
58284
58286
58288
58296
58298
58301
58307
58324
58326
58328
58330
58342
58346
58348
58353
58355
58357
58368
58370
58376
58384
58387
58389
58400
58402
58409
58412
58414
58416
58421
58434
58437
58439
58441
58444
58446
58448
58455
58466
58468
58474
58476
58479
58481
58485
58493
58496
58501
58503
58505
58512
58515
58517
58519
58522
58524
58526
58533
58539
58541
58544
58546
58548
58552
58555
58558
58560
58562
58570
58572
58575
58577
58579
58586
58588
58590
58593
58596
58603
58605
58608
58610
58612
58617
58619
58621
58623
58625
58627
58629
58635
58638
58641
58643
58646
58649
58655
58657
58659
58664
58667
58670
58672
58674
58676
58681
58683
58685
58689
58692
58699
58702
58704
58708
58710
58712
58714
58716
58718
58720
58722
58724
58726
58728
58731
58733
58735
58737
58739
58741
58743
58745
58747
58750
58752
58754
58757
58759
58766
58768
58770
58772
58774
58776
58778
58780
58782
58784
58786
58788
58790
58792
58794
58798
58800
58802
58805
58808
58810
58812
58814
58816
58818
58820
58822
58824
58827
58831
58837
58839
58842
58845
58847
58849
58851
58855
58857
58859
58862
58864
58866
58868
58870
58872
58875
58878
58880
58882
58884
58886
58888
58890
58892
58894
58896
58898
58900
58903
58906
58908
58910
58912
58914
58916
58918
58920
58923
58925
58927
58929
58932
58934
58937
58939
58942
58945
58947
58949
58951
58953
58955
58957
58959
58961
58963
58965
58969
58971
58973
58975
58981
58984
58986
58988
58990
58994
58996
58998
59000
59002
59004
59007
59009
59011
59013
59015
59017
59019
59021
59024
59026
59028
59030
59032
59034
59036
59040
59042
59044
59046
59048
59050
59052
59054
59056
59058
59060
59062
59064
59066
59068
59070
59072
59074
59076
59078
59080
59082
59084
59086
59088
59090
59092
59094
59097
59099
59101
59103
59105
59109
59111
59113
59115
59117
59119
59121
59123
59125
59127
59129
59131
59133
59135
59137
59143
59145
59147
59151
59153
59164
59166
59169
59179
59183
59185
59187
59191
59195
59197
59199
59202
59204
59206
59210
59212
59214
59216
59218
59220
59222
59224
59226
59228
59230
59232
59234
59236
59243
59245
59248
59250
59252
59255
59257
59259
59261
59263
59265
59267
59269
59272
59274
59276
59278
59280
59282
59284
59286
59288
59290
59292
59294
59296
59298
59300
59302
59304
59306
59308
59310
59312
59314
59316
59319
59321
59324
59327
59330
59336
59340
59342
59344
59348
59350
59352
59354
59357
59359
59361
59363
59365
59367
59369
59371
59373
59375
59377
59379
59381
59383
59385
59387
59389
59391
59395
59397
59399
59403
59406
59408
59410
59412
59414
59417
59422
59424
59426
59428
59430
59432
59434
59436
59438
59440
59442
59445
59447
59449
59451
59453
59455
59457
59459
59461
59464
59466
59468
59470
59472
59474
59476
59478
59480
59484
59487
59489
59491
59493
59495
59497
59499
59501
59503
59505
59507
59509
59512
59514
59516
59519
59521
59523
59525
59527
59529
59531
59533
59535
59537
59539
59541
59543
59547
59549
59551
59554
59557
59559
59561
59563
59568
59570
59572
59575
59577
59579
59582
59584
59586
59588
59590
59592
59594
59598
59600
59604
59606
59608
59610
59612
59615
59617
59620
59622
59624
59626
59628
59630
59632
59634
59636
59638
59641
59643
59645
59647
59652
59654
59656
59658
59662
59664
59668
59670
59672
59674
59676
59678
59680
59682
59684
59688
59690
59693
59695
59700
59702
59704
59706
59708
59711
59715
59717
59719
59721
59723
59725
59727
59730
59733
59735
59738
59740
59742
59744
59747
59749
59751
59754
59756
59759
59762
59765
59768
59770
59773
59775
59777
59780
59782
59784
59787
59789
59791
59794
59796
59798
59800
59803
59805
59810
59812
59815
59817
59819
59821
59824
59827
59829
59832
59835
59837
59839
59841
59843
59845
59847
59849
59851
59853
59856
59858
59860
59862
59864
59866
59869
59871
59873
59876
59878
59880
59884
59886
59888
59890
59892
59897
59899
59901
59903
59906
59908
59910
59913
59915
59917
59919
59921
59923
59925
59927
59930
59932
59934
59936
59939
59941
59943
59945
59947
59950
59953
59955
59957
59959
59961
59964
59967
59969
59971
59973
59977
59983
59985
59987
59990
59992
59994
59998
60000
60002
60004
60006
60008
60010
60012
60014
60017
60020
60022
60024
60028
60031
60033
60035
60037
60039
60041
60043
60046
60048
60050
60052
60054
60057
60059
60061
60064
60066
60068
60070
60072
60074
60077
60079
60081
60083
60085
60087
60089
60091
60093
60095
60098
60101
60104
60106
60108
60111
60113
60115
60120
60123
60126
60129
60131
60133
60135
60137
60139
60141
60147
60149
60152
60155
60157
60159
60162
60165
60168
60170
60172
60174
60176
60178
60180
60182
60184
60186
60188
60190
60192
60194
60196
60198
60200
60202
60204
60206
60209
60211
60213
60215
60217
60223
60225
60227
60229
60232
60236
60239
60241
60243
60245
60247
60249
60251
60253
60256
60258
60260
60262
60264
60266
60268
60270
60272
60274
60276
60278
60280
60282
60285
60287
60289
60291
60293
60296
60298
60301
60304
60306
60308
60310
60313
60315
60317
60319
60321
60323
60325
60328
60330
60335
60337
60339
60342
60344
60348
60351
60353
60355
60357
60359
60363
60366
60368
60370
60372
60374
60376
60379
60381
60383
60385
60387
60389
60391
60393
60396
60399
60401
60403
60406
60408
60410
60412
60414
60416
60419
60421
60423
60426
60428
60430
60433
60436
60439
60442
60445
60447
60449
60452
60454
60456
60458
60460
60464
60466
60468
60470
60472
60474
60476
60478
60481
60483
60485
60487
60489
60491
60493
60495
60497
60499
60501
60503
60505
60507
60509
60511
60513
60515
60521
60523
60525
60527
60529
60531
60534
60536
60538
60540
60543
60545
60548
60550
60552
60554
60557
60564
60566
60568
60570
60572
60575
60577
60579
60581
60583
60586
60588
60590
60592
60594
60596
60598
60601
60603
60605
60607
60609
60611
60618
60620
60622
60624
60626
60628
60630
60632
60634
60636
60638
60640
60642
60647
60649
60655
60657
60659
60661
60664
60666
60668
60670
60672
60674
60676
60678
60680
60682
60684
60686
60688
60690
60692
60694
60697
60700
60702
60704
60706
60708
60710
60712
60714
60716
60718
60720
60722
60724
60726
60728
60730
60732
60734
60736
60738
60740
60742
60744
60746
60748
60750
60752
60754
60756
60758
60760
60762
60764
60766
60769
60771
60774
60776
60783
60785
60787
60790
60792
60797
60799
60801
60803
60805
60810
60812
60815
60817
60819
60821
60824
60826
60829
60832
60834
60836
60840
60842
60844
60847
60850
60853
60855
60857
60859
60861
60863
60865
60867
60870
60872
60874
60876
60878
60880
60882
60884
60886
60889
60891
60893
60895
60897
60899
60901
60903
60905
60908
60911
60913
60915
60917
60919
60921
60923
60926
60929
60931
60933
60935
60937
60940
60942
60944
60946
60948
60950
60952
60954
60956
60958
60960
60962
60965
60967
60969
60971
60973
60976
60978
60980
60982
60984
60986
60988
60990
60992
60994
60996
60998
61001
61003
61005
61007
61009
61011
61013
61015
61017
61019
61021
61023
61025
61027
61029
61031
61034
61036
61038
61040
61042
61044
61046
61048
61051
61053
61055
61057
61060
61062
61066
61068
61071
61074
61076
61078
61080
61082
61084
61086
61088
61091
61093
61096
61098
61100
61102
61104
61106
61108
61110
61112
61114
61116
61118
61121
61123
61138
61140
61142
61144
61147
61149
61151
61153
61155
61157
61159
61161
61163
61166
61168
61170
61172
61174
61176
61178
61182
61184
61189
61192
61194
61196
61198
61201
61203
61205
61207
61209
61211
61214
61216
61218
61220
61222
61225
61227
61229
61231
61233
61235
61237
61239
61241
61243
61245
61248
61252
61254
61256
61258
61260
61263
61265
61267
61270
61272
61274
61276
61278
61280
61282
61285
61287
61289
61293
61297
61299
61301
61304
61306
61308
61311
61313
61316
61318
61320
61322
61324
61327
61333
61335
61337
61339
61341
61343
61345
61347
61349
61351
61353
61357
61359
61361
61363
61369
61371
61373
61375
61377
61381
61383
61385
61387
61389
61391
61393
61395
61397
61401
61403
61405
61407
61409
61411
61413
61415
61417
61419
61421
61423
61425
61427
61429
61431
61433
61435
61437
61439
61441
61443
61446
61448
61450
61453
61455
61457
61459
61461
61463
61465
61468
61470
61472
61474
61476
61479
61482
61485
61487
61489
61491
61493
61495
61498
61500
61502
61505
61507
61509
61511
61513
61515
61517
61519
61521
61523
61525
61528
61530
61532
61534
61536
61538
61540
61542
61544
61547
61550
61552
61554
61556
61558
61560
61562
61564
61567
61570
61572
61574
61576
61578
61580
61582
61584
61586
61588
61590
61592
61594
61596
61598
61600
61602
61604
61606
61608
61610
61612
61614
61616
61618
61620
61622
61624
61626
61628
61630
61632
61635
61637
61639
61641
61643
61645
61647
61649
61651
61653
61655
61657
61659
61661
61664
61666
61668
61670
61672
61674
61676
61678
61680
61682
61686
61688
61690
61692
61697
61699
61701
61703
61706
61708
61710
61712
61714
61717
61719
61721
61723
61725
61728
61730
61732
61734
61738
61740
61742
61745
61747
61751
61753
61757
61759
61761
61763
61765
61767
61769
61771
61773
61775
61777
61779
61781
61783
61785
61788
61791
61793
61795
61797
61799
61801
61803
61805
61807
61809
61811
61813
61815
61817
61819
61821
61823
61825
61827
61829
61831
61833
61835
61837
61839
61841
61843
61845
61847
61849
61851
61853
61855
61858
61860
61862
61865
61867
61869
61874
61876
61878
61883
61885
61887
61890
61892
61894
61896
61899
61901
61903
61905
61907
61910
61912
61914
61916
61919
61921
61923
61925
61927
61929
61932
61935
61937
61940
61942
61944
61946
61948
61950
61952
61954
61956
61958
61961
61963
61966
61969
61971
61973
61975
61978
61980
61982
61984
61987
61989
61991
61993
61995
61997
62000
62002
62004
62007
62010
62013
62015
62017
62020
62023
62025
62027
62029
62031
62033
62036
62038
62043
62045
62047
62049
62052
62054
62056
62059
62061
62063
62065
62068
62070
62072
62074
62076
62079
62083
62085
62087
62090
62093
62096
62098
62100
62103
62105
62107
62109
62111
62113
62116
62118
62120
62122
62124
62126
62128
62130
62133
62135
62137
62140
62142
62144
62146
62148
62150
62153
62155
62157
62159
62161
62163
62165
62167
62170
62172
62174
62178
62180
62182
62187
62189
62192
62194
62196
62198
62201
62203
62207
62209
62211
62213
62215
62217
62219
62223
62227
62229
62232
62234
62236
62238
62240
62242
62245
62247
62249
62251
62256
62258
62260
62263
62265
62267
62270
62273
62280
62282
62284
62286
62288
62292
62294
62298
62301
62303
62305
62307
62309
62318
62332
62335
62337
62339
62341
62343
62350
62352
62354
62357
62359
62364
62366
62368
62371
62373
62375
62378
62380
62382
62385
62387
62392
62394
62397
62399
62401
62403
62405
62408
62410
62412
62414
62416
62418
62420
62424
62426
62428
62430
62432
62434
62436
62438
62440
62443
62445
62447
62449
62453
62455
62457
62459
62461
62463
62468
62471
62473
62475
62477
62479
62481
62484
62489
62491
62494
62496
62499
62501
62503
62505
62508
62510
62513
62515
62517
62519
62522
62524
62526
62529
62532
62534
62536
62538
62542
62544
62547
62550
62552
62554
62556
62558
62560
62562
62564
62566
62568
62570
62572
62577
62582
62585
62588
62590
62592
62594
62596
62598
62600
62602
62604
62606
62608
62611
62613
62615
62617
62619
62621
62623
62625
62627
62632
62634
62638
62640
62642
62645
62647
62649
62651
62654
62656
62658
62660
62662
62664
62667
62669
62671
62673
62676
62679
62681
62683
62685
62687
62689
62691
62694
62696
62698
62701
62703
62705
62708
62710
62712
62715
62717
62719
62721
62723
62731
62733
62735
62738
62741
62743
62747
62749
62751
62753
62755
62757
62763
62765
62767
62770
62772
62775
62777
62779
62782
62784
62787
62790
62792
62794
62796
62798
62800
62803
62805
62807
62809
62811
62813
62815
62817
62819
62821
62823
62825
62830
62833
62835
62837
62841
62843
62845
62847
62850
62852
62854
62856
62859
62861
62863
62867
62869
62871
62873
62876
62878
62884
62886
62888
62891
62893
62895
62898
62901
62908
62910
62912
62914
62917
62919
62921
62923
62925
62927
62929
62931
62933
62936
62939
62942
62944
62946
62948
62951
62954
62957
62959
62961
62963
62965
62967
62969
62971
62973
62976
62978
62980
62986
62988
62990
62993
62995
62997
62999
63001
63003
63005
63011
63013
63016
63020
63022
63024
63026
63028
63030
63032
63034
63038
63040
63042
63044
63046
63048
63050
63052
63054
63056
63058
63061
63063
63065
63067
63070
63072
63074
63076
63078
63081
63083
63085
63087
63089
63092
63094
63096
63098
63100
63103
63105
63107
63109
63113
63115
63117
63119
63121
63124
63126
63128
63130
63132
63136
63138
63140
63143
63145
63147
63149
63152
63154
63156
63161
63163
63165
63167
63169
63172
63174
63176
63178
63180
63182
63184
63187
63189
63191
63193
63195
63197
63199
63201
63203
63206
63208
63210
63212
63214
63217
63219
63221
63223
63232
63236
63239
63241
63243
63247
63249
63251
63253
63255
63257
63260
63262
63264
63266
63268
63271
63273
63275
63277
63279
63281
63283
63285
63287
63289
63291
63293
63295
63297
63299
63301
63303
63305
63307
63309
63311
63313
63315
63317
63319
63321
63323
63325
63327
63329
63331
63333
63335
63337
63339
63341
63343
63345
63349
63352
63354
63356
63358
63360
63362
63364
63366
63368
63370
63372
63374
63376
63378
63380
63382
63384
63388
63390
63392
63394
63399
63401
63404
63406
63408
63410
63412
63414
63417
63420
63422
63424
63427
63429
63432
63434
63437
63442
63444
63446
63448
63450
63452
63454
63463
63474
63476
63478
63483
63486
63488
63493
63496
63503
63506
63511
63513
63515
63520
63523
63525
63527
63534
63537
63539
63541
63543
63547
63549
63553
63560
63563
63566
63568
63570
63575
63577
63581
63584
63588
63590
63592
63594
63596
63598
63601
63603
63606
63608
63611
63615
63620
63622
63625
63627
63629
63632
63634
63641
63643
63645
63648
63653
63661
63664
63666
63668
63670
63674
63679
63681
63683
63690
63692
63696
63698
63701
63703
63705
63707
63709
63715
63717
63719
63721
63723
63725
63727
63729
63731
63733
63735
63737
63739
63741
63743
63746
63749
63752
63756
63758
63760
63762
63764
63768
63774
63779
63787
63789
63791
63793
63797
63800
63802
63804
63806
63808
63811
63824
63826
63829
63837
63845
63847
63850
63856
63858
63860
63865
63867
63871
63873
63875
63877
63879
63881
63887
63890
63894
63899
63904
63908
63911
63913
63915
63917
63919
63921
63924
63926
63928
63934
63937
63939
63941
63946
63948
63950
63954
63956
63960
63970
63972
63974
63978
63980
63982
63987
63989
63992
63995
63998
64000
64003
64005
64008
64010
64013
64015
64017
64019
64021
64023
64025
64029
64031
64034
64036
64041
64043
64045
64047
64050
64053
64055
64057
64059
64061
64065
64067
64069
64072
64075
64077
64079
64081
64083
64085
64090
64101
64104
64106
64109
64111
64115
64118
64120
64123
64128
64130
64137
64139
64141
64143
64145
64147
64151
64153
64155
64159
64161
64165
64169
64171
64174
64176
64178
64180
64184
64186
64189
64192
64194
64196
64198
64201
64204
64206
64208
64212
64214
64216
64218
64221
64223
64225
64227
64229
64231
64233
64237
64239
64241
64243
64246
64248
64250
64252
64254
64256
64259
64262
64264
64268
64270
64272
64275
64277
64279
64282
64285
64287
64289
64291
64293
64295
64300
64302
64305
64307
64309
64312
64315
64317
64320
64322
64324
64326
64328
64330
64333
64335
64338
64341
64343
64348
64350
64352
64354
64357
64359
64361
64364
64366
64371
64373
64375
64377
64380
64382
64384
64387
64389
64392
64394
64396
64399
64401
64403
64406
64408
64410
64412
64414
64416
64423
64425
64427
64429
64431
64433
64436
64439
64441
64443
64446
64448
64450
64452
64454
64457
64459
64461
64463
64466
64468
64470
64472
64474
64476
64478
64480
64482
64484
64487
64489
64491
64493
64495
64497
64499
64501
64503
64505
64508
64510
64512
64514
64516
64518
64520
64522
64524
64526
64528
65736
65738
65741
65743
65746
65750
65754
65757
65759
65761
65763
65765
65767
65769
65771
65773
65775
65777
65779
65781
65783
65785
65787
65789
65791
65793
65795
65797
65799
65801
65803
65805
65807
65811
65813
65815
65817
65819
65821
65823
65825
65827
65829
65832
65834
65836
65838
65840
65842
65844
65846
65848
65851
65853
65855
65857
65859
65861
65863
65865
65867
65870
65872
65876
65883
65885
65889
65893
65899
65901
65903
65905
65913
65917
65923
65931
65933
65939
65945
65947
65949
65956
65959
65961
65964
65966
65971
65973
65976
65978
65981
65986
65989
65992
65994
65996
65999
66008
66010
66012
66014
66017
66019
66021
66023
66026
66031
66037
66039
66042
66044
66048
66051
66053
66057
66059
66062
66066
66069
66071
66073
66075
66077
66081
66083
66085
66087
66089
66091
66095
66101
66103
66105
66107
66117
66119
66121
66129
66131
66133
66135
66137
66139
66141
66144
66150
66152
66154
66156
66158
66161
66164
66168
66170
66173
66175
66177
66179
66183
66185
66189
66192
66194
66196
66202
66206
66208
66210
66212
66217
66220
66225
66228
66233
66236
66251
66253
66255
66257
66259
66267
66269
66271
66274
66276
66278
66282
66285
66287
66291
66293
66295
66297
66299
66301
66303
66305
66307
66309
66311
66315
66317
66319
66325
66328
66330
66333
66338
66344
66348
66352
66357
66359
66365
66370
66374
66380
66382
66392
66394
66400
66409
66414
66422
66426
66428
66432
66434
66436
66444
66446
66448
66452
66454
66457
66459
66461
66463
66465
66467
66469
66471
66473
66476
66479
66482
66485
66487
66490
66493
66495
66497
66499
66501
66503
66505
66507
66509
66511
66513
66515
66517
66519
66521
66524
66526
66529
66533
66535
66537
66539
66541
66543
66545
66547
66549
66555
66557
66559
66561
66569
66573
66581
66583
66585
66590
66594
66598
66603
66605
66607
66614
66616
66620
66622
66626
66628
66630
66635
66639
66641
66643
66647
66649
66653
66661
66670
66676
66684
66688
66693
66697
66701
66706
66709
66715
66719
66721
66726
66729
66731
66738
66740
66743
66749
66763
66771
66777
66781
66783
66785
66787
66791
66793
66795
66797
66799
66801
66803
66805
66807
66809
66811
66813
66817
66819
66826
66831
66833
66835
66837
66839
66841
66843
66845
66849
66853
66857
66861
66863
66865
66867
67573
67575
67577
67579
67581
67583
67585
67595
67597
67599
67604
67607
67610
67612
67614
67618
67621
67624
67627
67631
67633
67635
71941
71943
74143
74550
85385
85387
85389
85391
85393
85395
85397
85399
85401
85403
85405
85409
85411
85413
85743
85746
85749
85752
85755
85758
85761
85764
85767
85770
85773
85776
85779
85782
85785
85788
85791
85857
85860
85863
85866
85869
85871
85874
85877
85883
85886
85889
85892
85895
85898
85907
85913
85916
85919
85922
85925
85928
85931
85934
85937
85940
85946
85949
85952
85955
85958
85961
85964
85967
85970
85973
85982
85985
85988
85990
85992
85994
85996
85998
86059
86062
86065
86067
86070
86073
86078
86080
86083
86085
86087
86089
86091
86093
86357
86360
86362
86364
86379
86388
86394
86399
86405
86413
86418
86420
86423
86488
86490
86499
86502
86508
86511
86513
86620
86622
86625
86634
86639
86641
86644
86647
86649
86655
86658
86663
86668
86671
86674
86686
86691
86696
86701
86707
86712
86717
86723
86726
86731
86733
86741
87175
87178
87181
87185
87188
87193
87198
87204
87206
87208
87210
87212
87214
87216
87218
87220
87222
87224
87226
87230
87232
87234
87236
87239
87242
87245
87248
87251
87254
87257
87260
87262
87267
87270
87273
87276
87279
87282
87285
87287
87289
87292
87294
87297
87300
87303
87306
87309
87399
87402
87405
87410
87414
87422
87429
87431
87439
87442
87445
87451
87453
87455
87458
87461
87463
87474
87477
87480
87486
87489
87492
87494
87496
87499
87502
87504
87506
87508
87511
87514
87523
87526
87529
87532
87535
87538
87541
87546
87549
87552
87555
87557
87559
87561
87563
87566
87571
87573
87578
87588
87683
87686
87689
87692
87694
87697
87700
87703
87706
87709
87712
87715
87718
87721
87724
87727
87730
87733
87736
87739
87742
87745
87748
87751
87753
87755
87757
87760
87762
87764
87766
87769
87772
87775
87778
87781
87784
87787
87790
87793
87796
87799
87804
87807
87809
87811
87813
87816
87819
87822
87825
87828
87832
87834
87837
87840
87843
87846
87849
87852
87855
87857
87859
87862
87864
87867
87870
87873
87876
87879
87882
87885
87888
87891
87894
87897
87900
87903
87905
87908
87911
87914
87917
87920
87923
87926
87931
87934
87937
87940
87943
87946
87949
87952
87955
87958
87961
87964
87966
87969
87972
87974
87979
87982
87985
87988
87991
87994
87996
87999
88001
88003
88006
88009
88012
88015
88018
88020
88023
88026
88029
88032
88035
88038
88041
88044
88047
88050
88053
88056
88059
88061
88063
88065
88069
88071
88073
88075
88079
88081
88083
88085
88087
88089
88091
88093
88095
88097
88099
88101
88103
88105
88107
88109
88111
88113
88115
88117
88120
88123
88125
88127
88129
88132
88135
88137
88141
88143
88145
88147
88149
88151
88153
88155
88157
88159
88161
88163
88165
88167
88169
88171
88173
88175
88177
88179
88181
88183
88185
88187
88189
88191
88194
88197
88200
88203
88205
88207
88210
88216
88222
88225
88227
88230
88233
88236
88238
88242
88244
88246
88248
88250
88252
88254
88256
88259
88261
88263
88265
88267
88269
88271
88273
88275
88277
88284
88286
88288
88290
88293
88296
88298
88300
88302
88304
88308
88310
88312
88314
88316
88318
88320
88322
88324
88326
88330
88332
88334
88336
88338
88340
88342
88344
88346
88348
88350
88352
88354
88356
88358
88360
88362
88364
88366
88368
88370
88372
88374
88377
88379
88381
88383
88385
88387
88389
88392
88395
88398
88400
88403
88405
88407
88409
88411
88413
88415
88417
88420
88423
88425
88427
88429
88431
88435
88437
88439
88442
88444
88446
88448
88450
88453
88456
88459
88462
88465
88468
88470
88472
88475
88477
88479
88482
88484
88486
88489
88492
88494
88497
88501
88504
88506
88508
88510
88512
88515
88517
88520
88522
88524
88526
88530
88532
88534
88536
88538
88540
88544
88546
88548
88550
88552
88554
88556
88558
88560
88562
88564
88566
88568
88570
88572
88574
88576
88578
88580
88582
88586
88588
88590
88592
88594
88596
88600
88602
88604
88606
88608
88610
88612
88614
88616
88618
88620
88622
88625
88627
88629
88633
88635
88637
88639
88641
88643
88645
88647
88649
88651
88653
88655
88657
88659
90419
90422
90425
90428
90431
90434
90437
90440
90443
90446
90451
90454
90457
90459
